district,sex_age_group__in_years_,all_sexes_overall,male_overall,female_overall,transgender_overall,all_sexes_rural,male_rural,female_rural,transgender_rural,all_sexes_urban,male_urban,female_urban,transgender_urban
AWARAN,ALL AGES,178958,91623,87318,17,132122,67516,64594,12,46836,24107,22724,5
AWARAN,BELOW 1,3399,1810,1589,,2362,1251,1111,,1037,559,478,
AWARAN,01,5938,2982,2956,,4376,2209,2167,,1562,773,789,
AWARAN,02,7223,3677,3546,,5461,2757,2704,,1762,920,842,
AWARAN,03,6884,3446,3438,,4938,2436,2502,,1946,1010,936,
AWARAN,04,8037,4103,3934,,6034,3073,2961,,2003,1030,973,
AWARAN,05,6445,3260,3185,,4768,2411,2357,,1677,849,828,
AWARAN,06,6880,3437,3443,,5328,2646,2682,,1552,791,761,
AWARAN,07,6003,3087,2916,,4372,2249,2123,,1631,838,793,
AWARAN,08,7339,3535,3804,,5653,2690,2963,,1686,845,841,
AWARAN,09,4401,2487,1914,,3281,1857,1424,,1120,630,490,
AWARAN,10,6395,3244,3151,,4881,2470,2411,,1514,774,740,
AWARAN,11,4744,2488,2256,,3509,1817,1692,,1235,671,564,
AWARAN,12,5762,2996,2766,,4385,2290,2095,,1377,706,671,
AWARAN,13,4231,2158,2073,,3113,1635,1478,,1118,523,595,
AWARAN,14,4638,2336,2300,2,3414,1744,1670,,1224,592,630,2
AWARAN,15,4189,2168,2021,,2999,1562,1437,,1190,606,584,
AWARAN,16,3720,1945,1773,2,2762,1435,1326,1,958,510,447,1
AWARAN,17,3735,1844,1889,2,2695,1355,1339,1,1040,489,550,1
AWARAN,18,3341,1761,1580,,2452,1259,1193,,889,502,387,
AWARAN,19,2861,1573,1288,,1965,1037,928,,896,536,360,
AWARAN,20,3168,1653,1514,1,2245,1137,1108,,923,516,406,1
AWARAN,21,2574,1327,1247,,1835,934,901,,739,393,346,
AWARAN,22,2814,1370,1444,,2049,991,1058,,765,379,386,
AWARAN,23,2364,1206,1158,,1680,841,839,,684,365,319,
AWARAN,24,2596,1254,1342,,1967,933,1034,,629,321,308,
AWARAN,25,2659,1265,1392,2,1977,973,1002,2,682,292,390,
AWARAN,26,2524,1232,1292,,1840,905,935,,684,327,357,
AWARAN,27,2324,1205,1117,2,1723,923,798,2,601,282,319,
AWARAN,28,2640,1387,1253,,1915,998,917,,725,389,336,
AWARAN,29,2060,1133,926,1,1473,811,661,1,587,322,265,
AWARAN,30,2030,1104,924,2,1489,808,679,2,541,296,245,
AWARAN,31,1631,742,889,,1149,517,632,,482,225,257,
AWARAN,32,1731,824,905,2,1312,619,691,2,419,205,214,
AWARAN,33,2182,1012,1170,,1530,701,829,,652,311,341,
AWARAN,34,1970,934,1036,,1384,642,742,,586,292,294,
AWARAN,35,1794,954,840,,1351,723,628,,443,231,212,
AWARAN,36,2209,1129,1080,,1637,830,807,,572,299,273,
AWARAN,37,1991,976,1015,,1496,746,750,,495,230,265,
AWARAN,38,2095,999,1096,,1548,752,796,,547,247,300,
AWARAN,39,1721,828,893,,1250,598,652,,471,230,241,
AWARAN,40,1652,862,790,,1264,648,616,,388,214,174,
AWARAN,41,1585,802,783,,1110,558,552,,475,244,231,
AWARAN,42,1488,724,763,1,1119,536,582,1,369,188,181,
AWARAN,43,1762,837,925,,1216,605,611,,546,232,314,
AWARAN,44,1309,688,621,,960,504,456,,349,184,165,
AWARAN,45,1124,605,519,,870,456,414,,254,149,105,
AWARAN,46,816,421,395,,614,308,306,,202,113,89,
AWARAN,47,1045,544,501,,772,406,366,,273,138,135,
AWARAN,48,1291,695,596,,975,529,446,,316,166,150,
AWARAN,49,929,490,439,,701,368,333,,228,122,106,
AWARAN,50,1080,587,493,,840,462,378,,240,125,115,
AWARAN,51,931,470,461,,699,359,340,,232,111,121,
AWARAN,52,900,495,405,,706,392,314,,194,103,91,
AWARAN,53,957,459,498,,695,339,356,,262,120,142,
AWARAN,54,762,404,358,,558,287,271,,204,117,87,
AWARAN,55,786,401,385,,610,309,301,,176,92,84,
AWARAN,56,674,346,328,,483,253,230,,191,93,98,
AWARAN,57,597,333,264,,461,264,197,,136,69,67,
AWARAN,58,695,371,324,,508,264,244,,187,107,80,
AWARAN,59,513,327,186,,370,237,133,,143,90,53,
AWARAN,60,767,442,325,,601,348,253,,166,94,72,
AWARAN,61,380,257,123,,277,191,86,,103,66,37,
AWARAN,62,412,244,168,,320,190,130,,92,54,38,
AWARAN,63,507,282,225,,370,206,164,,137,76,61,
AWARAN,64,434,250,184,,323,186,137,,111,64,47,
AWARAN,65,569,328,241,,451,257,194,,118,71,47,
AWARAN,66,370,200,170,,240,130,110,,130,70,60,
AWARAN,67,285,158,127,,212,114,98,,73,44,29,
AWARAN,68,299,147,152,,217,112,105,,82,35,47,
AWARAN,69,247,145,102,,168,99,69,,79,46,33,
AWARAN,70,488,266,222,,373,201,172,,115,65,50,
AWARAN,71,230,122,108,,143,77,66,,87,45,42,
AWARAN,72,215,130,85,,165,101,64,,50,29,21,
AWARAN,73,203,92,111,,148,70,78,,55,22,33,
AWARAN,74,191,112,79,,125,75,50,,66,37,29,
AWARAN,75 & ABOVE,1223,716,507,,860,510,350,,363,206,157,
BARKHAN,ALL AGES,210249,109624,100617,8,195824,102226,93591,7,14425,7398,7026,1
BARKHAN,BELOW 1,6341,3210,3131,,6017,3053,2964,,324,157,167,
BARKHAN,01,6771,3412,3359,,6282,3172,3110,,489,240,249,
BARKHAN,02,9642,5000,4642,,9139,4732,4407,,503,268,235,
BARKHAN,03,9179,4783,4396,,8595,4485,4110,,584,298,286,
BARKHAN,04,11793,6248,5545,,11210,5949,5261,,583,299,284,
BARKHAN,05,8275,4332,3943,,7717,4035,3682,,558,297,261,
BARKHAN,06,10032,5099,4933,,9537,4852,4685,,495,247,248,
BARKHAN,07,7594,4031,3563,,7058,3752,3306,,536,279,257,
BARKHAN,08,9115,4570,4545,,8663,4347,4316,,452,223,229,
BARKHAN,09,6048,3584,2464,,5654,3367,2287,,394,217,177,
BARKHAN,10,7436,3887,3549,,7083,3714,3369,,353,173,180,
BARKHAN,11,5752,3129,2623,,5391,2928,2463,,361,201,160,
BARKHAN,12,6801,3691,3110,,6393,3473,2920,,408,218,190,
BARKHAN,13,4789,2619,2170,,4410,2408,2002,,379,211,168,
BARKHAN,14,5335,2927,2406,2,4986,2726,2258,2,349,201,148,
BARKHAN,15,4178,2275,1901,2,3761,2025,1734,2,417,250,167,
BARKHAN,16,4461,2467,1994,,4142,2289,1853,,319,178,141,
BARKHAN,17,3024,1672,1351,1,2748,1537,1210,1,276,135,141,
BARKHAN,18,3846,2127,1719,,3587,1993,1594,,259,134,125,
BARKHAN,19,3003,1637,1366,,2761,1505,1256,,242,132,110,
BARKHAN,20,3026,1633,1392,1,2794,1525,1268,1,232,108,124,
BARKHAN,21,2646,1359,1287,,2403,1241,1162,,243,118,125,
BARKHAN,22,3328,1628,1700,,3106,1526,1580,,222,102,120,
BARKHAN,23,2898,1387,1511,,2670,1294,1376,,228,93,135,
BARKHAN,24,2852,1499,1353,,2596,1358,1238,,256,141,115,
BARKHAN,25,2374,1221,1153,,2190,1135,1055,,184,86,98,
BARKHAN,26,2462,1261,1201,,2226,1137,1089,,236,124,112,
BARKHAN,27,2282,1217,1065,,2080,1110,970,,202,107,95,
BARKHAN,28,2212,1144,1068,,2013,1035,978,,199,109,90,
BARKHAN,29,2026,1028,998,,1858,947,911,,168,81,87,
BARKHAN,30,2043,1072,971,,1907,1000,907,,136,72,64,
BARKHAN,31,1983,915,1068,,1831,840,991,,152,75,77,
BARKHAN,32,2335,1107,1228,,2121,1011,1110,,214,96,118,
BARKHAN,33,2147,955,1192,,1990,886,1104,,157,69,88,
BARKHAN,34,2111,1019,1092,,1910,922,988,,201,97,104,
BARKHAN,35,1826,976,850,,1692,909,783,,134,67,67,
BARKHAN,36,1908,907,1001,,1762,846,916,,146,61,85,
BARKHAN,37,1968,948,1020,,1796,870,926,,172,78,94,
BARKHAN,38,1774,901,872,1,1654,846,808,,120,55,64,1
BARKHAN,39,1477,765,712,,1360,713,647,,117,52,65,
BARKHAN,40,1424,769,655,,1304,695,609,,120,74,46,
BARKHAN,41,1400,718,682,,1300,657,643,,100,61,39,
BARKHAN,42,2074,1007,1067,,1908,945,963,,166,62,104,
BARKHAN,43,1649,896,753,,1526,827,699,,123,69,54,
BARKHAN,44,1390,759,631,,1264,686,578,,126,73,53,
BARKHAN,45,1230,687,543,,1159,643,516,,71,44,27,
BARKHAN,46,1027,555,472,,944,510,434,,83,45,38,
BARKHAN,47,1322,653,669,,1218,597,621,,104,56,48,
BARKHAN,48,1131,577,554,,1042,533,509,,89,44,45,
BARKHAN,49,866,426,440,,803,393,410,,63,33,30,
BARKHAN,50,969,495,474,,906,460,446,,63,35,28,
BARKHAN,51,896,410,486,,823,382,441,,73,28,45,
BARKHAN,52,1492,699,793,,1367,634,733,,125,65,60,
BARKHAN,53,1135,551,584,,1057,514,543,,78,37,41,
BARKHAN,54,880,451,428,1,793,412,380,1,87,39,48,
BARKHAN,55,790,405,385,,722,372,350,,68,33,35,
BARKHAN,56,670,347,323,,598,309,289,,72,38,34,
BARKHAN,57,725,363,362,,656,327,329,,69,36,33,
BARKHAN,58,688,369,319,,626,337,289,,62,32,30,
BARKHAN,59,534,296,238,,475,262,213,,59,34,25,
BARKHAN,60,696,365,331,,642,338,304,,54,27,27,
BARKHAN,61,442,261,181,,406,241,165,,36,20,16,
BARKHAN,62,699,339,360,,638,297,341,,61,42,19,
BARKHAN,63,637,330,307,,592,313,279,,45,17,28,
BARKHAN,64,547,308,239,,505,286,219,,42,22,20,
BARKHAN,65,564,297,267,,520,275,245,,44,22,22,
BARKHAN,66,429,231,198,,388,207,181,,41,24,17,
BARKHAN,67,404,194,210,,374,178,196,,30,16,14,
BARKHAN,68,383,159,224,,358,147,211,,25,12,13,
BARKHAN,69,326,161,165,,306,154,152,,20,7,13,
BARKHAN,70,550,313,237,,515,295,220,,35,18,17,
BARKHAN,71,289,153,136,,269,142,127,,20,11,9,
BARKHAN,72,419,184,235,,389,171,218,,30,13,17,
BARKHAN,73,268,125,143,,254,117,137,,14,8,6,
BARKHAN,74,329,195,134,,311,187,124,,18,8,10,
BARKHAN,75 & ABOVE,1882,934,948,,1773,890,883,,109,44,65,
CHAGAI,ALL AGES,268611,139642,128964,5,248652,129430,119217,5,19959,10212,9747,
CHAGAI,BELOW 1,6843,3475,3368,,6452,3278,3174,,391,197,194,
CHAGAI,01,9313,4848,4465,,8752,4558,4194,,561,290,271,
CHAGAI,02,11633,5916,5717,,10955,5570,5385,,678,346,332,
CHAGAI,03,11893,6060,5833,,11152,5677,5475,,741,383,358,
CHAGAI,04,12473,6534,5939,,11755,6159,5596,,718,375,343,
CHAGAI,05,10666,5505,5161,,9942,5132,4810,,724,373,351,
CHAGAI,06,10801,5631,5170,,10124,5287,4837,,677,344,333,
CHAGAI,07,9872,5150,4722,,9186,4797,4389,,686,353,333,
CHAGAI,08,10515,5106,5409,,9847,4765,5082,,668,341,327,
CHAGAI,09,7414,4091,3323,,6845,3807,3038,,569,284,285,
CHAGAI,10,8942,4660,4282,,8348,4354,3994,,594,306,288,
CHAGAI,11,7837,3981,3856,,7234,3666,3568,,603,315,288,
CHAGAI,12,7749,4054,3695,,7207,3776,3431,,542,278,264,
CHAGAI,13,7178,3775,3403,,6617,3477,3140,,561,298,263,
CHAGAI,14,7013,3640,3372,1,6516,3396,3119,1,497,244,253,
CHAGAI,15,6716,3563,3152,1,6137,3274,2862,1,579,289,290,
CHAGAI,16,6402,3459,2941,2,5914,3219,2693,2,488,240,248,
CHAGAI,17,5397,2790,2607,,4889,2527,2362,,508,263,245,
CHAGAI,18,5529,2836,2693,,5102,2626,2476,,427,210,217,
CHAGAI,19,4928,2631,2297,,4516,2416,2100,,412,215,197,
CHAGAI,20,4925,2449,2476,,4562,2276,2286,,363,173,190,
CHAGAI,21,4523,2287,2236,,4169,2101,2068,,354,186,168,
CHAGAI,22,4345,2130,2215,,4013,1965,2048,,332,165,167,
CHAGAI,23,4197,2216,1981,,3907,2079,1828,,290,137,153,
CHAGAI,24,3987,2022,1965,,3648,1862,1786,,339,160,179,
CHAGAI,25,3476,1752,1724,,3179,1611,1568,,297,141,156,
CHAGAI,26,3346,1654,1692,,3052,1518,1534,,294,136,158,
CHAGAI,27,3184,1604,1580,,2934,1486,1448,,250,118,132,
CHAGAI,28,3031,1436,1595,,2746,1320,1426,,285,116,169,
CHAGAI,29,3023,1454,1568,1,2746,1315,1430,1,277,139,138,
CHAGAI,30,2423,1168,1255,,2208,1052,1156,,215,116,99,
CHAGAI,31,2796,1345,1451,,2580,1241,1339,,216,104,112,
CHAGAI,32,2864,1417,1447,,2592,1287,1305,,272,130,142,
CHAGAI,33,2620,1296,1324,,2415,1184,1231,,205,112,93,
CHAGAI,34,2626,1359,1267,,2418,1253,1165,,208,106,102,
CHAGAI,35,2451,1260,1191,,2270,1169,1101,,181,91,90,
CHAGAI,36,2323,1139,1184,,2124,1059,1065,,199,80,119,
CHAGAI,37,2534,1309,1225,,2336,1211,1125,,198,98,100,
CHAGAI,38,2556,1309,1247,,2360,1206,1154,,196,103,93,
CHAGAI,39,2424,1183,1241,,2201,1084,1117,,223,99,124,
CHAGAI,40,1985,1081,904,,1807,972,835,,178,109,69,
CHAGAI,41,2469,1313,1156,,2245,1199,1046,,224,114,110,
CHAGAI,42,2211,1257,954,,1993,1133,860,,218,124,94,
CHAGAI,43,2372,1308,1064,,2182,1200,982,,190,108,82,
CHAGAI,44,1779,1004,775,,1601,889,712,,178,115,63,
CHAGAI,45,1436,814,622,,1322,750,572,,114,64,50,
CHAGAI,46,1394,794,600,,1257,713,544,,137,81,56,
CHAGAI,47,1335,771,564,,1192,683,509,,143,88,55,
CHAGAI,48,1465,769,696,,1360,711,649,,105,58,47,
CHAGAI,49,1222,664,558,,1122,611,511,,100,53,47,
CHAGAI,50,993,548,445,,918,504,414,,75,44,31,
CHAGAI,51,1207,622,585,,1113,582,531,,94,40,54,
CHAGAI,52,1233,672,561,,1126,613,513,,107,59,48,
CHAGAI,53,1384,731,653,,1276,674,602,,108,57,51,
CHAGAI,54,972,567,405,,870,520,350,,102,47,55,
CHAGAI,55,826,442,384,,753,399,354,,73,43,30,
CHAGAI,56,850,526,324,,774,481,293,,76,45,31,
CHAGAI,57,834,477,357,,773,444,329,,61,33,28,
CHAGAI,58,928,557,371,,847,510,337,,81,47,34,
CHAGAI,59,730,451,279,,649,404,245,,81,47,34,
CHAGAI,60,632,362,270,,577,330,247,,55,32,23,
CHAGAI,61,596,378,218,,547,352,195,,49,26,23,
CHAGAI,62,496,318,178,,451,287,164,,45,31,14,
CHAGAI,63,700,385,315,,646,353,293,,54,32,22,
CHAGAI,64,477,280,197,,429,254,175,,48,26,22,
CHAGAI,65,573,329,244,,521,303,218,,52,26,26,
CHAGAI,66,414,230,184,,372,208,164,,42,22,20,
CHAGAI,67,409,234,175,,369,211,158,,40,23,17,
CHAGAI,68,423,218,205,,371,192,179,,52,26,26,
CHAGAI,69,332,174,158,,299,159,140,,33,15,18,
CHAGAI,70,420,242,178,,387,224,163,,33,18,15,
CHAGAI,71,327,182,145,,303,171,132,,24,11,13,
CHAGAI,72,274,157,117,,244,142,102,,30,15,15,
CHAGAI,73,311,181,130,,288,164,124,,23,17,6,
CHAGAI,74,221,127,94,,196,118,78,,25,9,16,
CHAGAI,75 & ABOVE,1613,983,630,,1522,930,592,,91,53,38,
CHAMAN,ALL AGES,466218,261194,205011,13,336079,189666,146401,12,130139,71528,58610,1
CHAMAN,BELOW 1,10705,6280,4425,,7983,4646,3337,,2722,1634,1088,
CHAMAN,01,20543,12188,8355,,15515,9212,6303,,5028,2976,2052,
CHAMAN,02,21026,12452,8574,,15696,9371,6325,,5330,3081,2249,
CHAMAN,03,22741,13291,9450,,16995,9976,7019,,5746,3315,2431,
CHAMAN,04,20908,12133,8775,,15412,8984,6428,,5496,3149,2347,
CHAMAN,05,18821,10926,7895,,14152,8296,5856,,4669,2630,2039,
CHAMAN,06,17877,10225,7652,,13424,7729,5695,,4453,2496,1957,
CHAMAN,07,17610,10054,7556,,13091,7537,5554,,4519,2517,2002,
CHAMAN,08,16608,9054,7554,,12256,6760,5496,,4352,2294,2058,
CHAMAN,09,15205,9241,5964,,11450,7006,4444,,3755,2235,1520,
CHAMAN,10,14275,8524,5751,,10516,6342,4174,,3759,2182,1577,
CHAMAN,11,15569,9010,6559,,11539,6739,4800,,4030,2271,1759,
CHAMAN,12,13549,8011,5538,,9918,5911,4007,,3631,2100,1531,
CHAMAN,13,13927,8069,5858,,10234,5984,4250,,3693,2085,1608,
CHAMAN,14,12551,7120,5426,5,9160,5270,3885,5,3391,1850,1541,
CHAMAN,15,11724,6696,5028,,8411,4870,3541,,3313,1826,1487,
CHAMAN,16,11423,6297,5126,,8235,4639,3596,,3188,1658,1530,
CHAMAN,17,9519,5140,4377,2,6650,3645,3003,2,2869,1495,1374,
CHAMAN,18,10599,5919,4680,,7511,4209,3302,,3088,1710,1378,
CHAMAN,19,10679,5773,4905,1,7428,4039,3389,,3251,1734,1516,1
CHAMAN,20,9970,5138,4831,1,6886,3540,3345,1,3084,1598,1486,
CHAMAN,21,9225,4845,4380,,6445,3390,3055,,2780,1455,1325,
CHAMAN,22,8291,4298,3993,,5779,3014,2765,,2512,1284,1228,
CHAMAN,23,8060,4373,3687,,5659,3096,2563,,2401,1277,1124,
CHAMAN,24,7183,3880,3303,,4943,2672,2271,,2240,1208,1032,
CHAMAN,25,6371,3286,3085,,4428,2287,2141,,1943,999,944,
CHAMAN,26,6201,3308,2893,,4222,2287,1935,,1979,1021,958,
CHAMAN,27,5704,2959,2745,,3935,2053,1882,,1769,906,863,
CHAMAN,28,5332,2676,2656,,3699,1839,1860,,1633,837,796,
CHAMAN,29,5106,2620,2486,,3494,1801,1693,,1612,819,793,
CHAMAN,30,4651,2332,2318,1,3262,1645,1616,1,1389,687,702,
CHAMAN,31,4650,2399,2251,,3226,1695,1531,,1424,704,720,
CHAMAN,32,3685,1855,1830,,2511,1270,1241,,1174,585,589,
CHAMAN,33,4290,2307,1983,,2953,1593,1360,,1337,714,623,
CHAMAN,34,3801,1991,1810,,2627,1349,1278,,1174,642,532,
CHAMAN,35,3792,1923,1868,1,2638,1329,1308,1,1154,594,560,
CHAMAN,36,3525,1842,1683,,2463,1299,1164,,1062,543,519,
CHAMAN,37,3585,1938,1647,,2518,1364,1154,,1067,574,493,
CHAMAN,38,3634,1871,1761,2,2569,1350,1217,2,1065,521,544,
CHAMAN,39,3388,1719,1669,,2397,1210,1187,,991,509,482,
CHAMAN,40,3233,1617,1616,,2191,1078,1113,,1042,539,503,
CHAMAN,41,3102,1616,1486,,2085,1078,1007,,1017,538,479,
CHAMAN,42,2504,1316,1188,,1709,898,811,,795,418,377,
CHAMAN,43,3079,1616,1463,,2230,1194,1036,,849,422,427,
CHAMAN,44,2460,1337,1123,,1647,889,758,,813,448,365,
CHAMAN,45,2376,1300,1076,,1565,847,718,,811,453,358,
CHAMAN,46,2177,1181,996,,1447,788,659,,730,393,337,
CHAMAN,47,1955,1130,825,,1327,761,566,,628,369,259,
CHAMAN,48,1911,1014,897,,1319,695,624,,592,319,273,
CHAMAN,49,1648,842,806,,1110,559,551,,538,283,255,
CHAMAN,50,1682,890,792,,1088,589,499,,594,301,293,
CHAMAN,51,1580,810,770,,1062,537,525,,518,273,245,
CHAMAN,52,1188,638,550,,795,432,363,,393,206,187,
CHAMAN,53,1781,888,893,,1220,592,628,,561,296,265,
CHAMAN,54,1354,731,623,,907,499,408,,447,232,215,
CHAMAN,55,1286,672,614,,868,442,426,,418,230,188,
CHAMAN,56,1365,818,547,,871,520,351,,494,298,196,
CHAMAN,57,1163,678,485,,817,469,348,,346,209,137,
CHAMAN,58,1156,647,509,,801,449,352,,355,198,157,
CHAMAN,59,1103,671,432,,764,475,289,,339,196,143,
CHAMAN,60,1074,595,479,,705,393,312,,369,202,167,
CHAMAN,61,845,526,319,,594,370,224,,251,156,95,
CHAMAN,62,705,409,296,,491,286,205,,214,123,91,
CHAMAN,63,938,463,475,,654,341,313,,284,122,162,
CHAMAN,64,740,451,289,,505,309,196,,235,142,93,
CHAMAN,65,715,428,287,,497,302,195,,218,126,92,
CHAMAN,66,564,324,240,,365,194,171,,199,130,69,
CHAMAN,67,521,316,205,,355,200,155,,166,116,50,
CHAMAN,68,519,249,270,,344,161,183,,175,88,87,
CHAMAN,69,439,247,192,,293,160,133,,146,87,59,
CHAMAN,70,643,358,285,,432,244,188,,211,114,97,
CHAMAN,71,392,223,169,,279,164,115,,113,59,54,
CHAMAN,72,292,169,123,,226,131,95,,66,38,28,
CHAMAN,73,409,207,202,,290,143,147,,119,64,55,
CHAMAN,74,406,240,166,,272,163,109,,134,77,57,
CHAMAN,75 & ABOVE,2610,1614,996,,1724,1066,658,,886,548,338,
DERA BUGTI,ALL AGES,355274,194588,160682,4,246827,137659,109165,3,108447,56929,51517,1
DERA BUGTI,BELOW 1,11164,5848,5316,,7930,4136,3794,,3234,1712,1522,
DERA BUGTI,01,14918,8085,6833,,10695,5812,4883,,4223,2273,1950,
DERA BUGTI,02,18478,10021,8457,,13261,7290,5971,,5217,2731,2486,
DERA BUGTI,03,17960,9855,8105,,12494,6979,5515,,5466,2876,2590,
DERA BUGTI,04,19365,10534,8831,,13870,7673,6197,,5495,2861,2634,
DERA BUGTI,05,15388,8624,6764,,10794,6211,4583,,4594,2413,2181,
DERA BUGTI,06,16073,9102,6971,,11559,6671,4888,,4514,2431,2083,
DERA BUGTI,07,14441,8279,6162,,10049,5883,4166,,4392,2396,1996,
DERA BUGTI,08,14449,8175,6274,,10361,6032,4329,,4088,2143,1945,
DERA BUGTI,09,10221,6294,3927,,7257,4565,2692,,2964,1729,1235,
DERA BUGTI,10,11485,7182,4303,,8330,5393,2937,,3155,1789,1366,
DERA BUGTI,11,9993,5958,4035,,7322,4530,2792,,2671,1428,1243,
DERA BUGTI,12,9416,6093,3323,,6754,4530,2224,,2662,1563,1099,
DERA BUGTI,13,7602,4845,2757,,5218,3477,1741,,2384,1368,1016,
DERA BUGTI,14,7449,4997,2451,1,5101,3632,1468,1,2348,1365,983,
DERA BUGTI,15,6168,4192,1975,1,4159,2998,1160,1,2009,1194,815,
DERA BUGTI,16,6268,4060,2208,,4129,2837,1292,,2139,1223,916,
DERA BUGTI,17,7104,4493,2610,1,4816,3214,1602,,2288,1279,1008,1
DERA BUGTI,18,5820,3037,2783,,3543,1893,1650,,2277,1144,1133,
DERA BUGTI,19,5602,2837,2765,,3403,1736,1667,,2199,1101,1098,
DERA BUGTI,20,5415,2594,2821,,3472,1658,1814,,1943,936,1007,
DERA BUGTI,21,5559,2673,2886,,3601,1745,1856,,1958,928,1030,
DERA BUGTI,22,5188,2327,2861,,3290,1490,1800,,1898,837,1061,
DERA BUGTI,23,5358,2415,2943,,3545,1597,1948,,1813,818,995,
DERA BUGTI,24,5541,2643,2898,,3772,1766,2006,,1769,877,892,
DERA BUGTI,25,4441,2263,2177,1,3118,1578,1539,1,1323,685,638,
DERA BUGTI,26,4593,2237,2356,,3110,1455,1655,,1483,782,701,
DERA BUGTI,27,4583,2292,2291,,3074,1488,1586,,1509,804,705,
DERA BUGTI,28,4376,1928,2448,,3065,1331,1734,,1311,597,714,
DERA BUGTI,29,4166,1948,2218,,2876,1277,1599,,1290,671,619,
DERA BUGTI,30,3787,1905,1882,,2695,1295,1400,,1092,610,482,
DERA BUGTI,31,3937,1923,2014,,2657,1269,1388,,1280,654,626,
DERA BUGTI,32,3282,1598,1684,,2173,1064,1109,,1109,534,575,
DERA BUGTI,33,4000,1778,2222,,2708,1228,1480,,1292,550,742,
DERA BUGTI,34,3132,1541,1591,,2106,1001,1105,,1026,540,486,
DERA BUGTI,35,3101,1588,1513,,2191,1126,1065,,910,462,448,
DERA BUGTI,36,3035,1517,1518,,2095,1036,1059,,940,481,459,
DERA BUGTI,37,2915,1520,1395,,1885,961,924,,1030,559,471,
DERA BUGTI,38,3025,1384,1641,,2125,967,1158,,900,417,483,
DERA BUGTI,39,2677,1339,1338,,1802,907,895,,875,432,443,
DERA BUGTI,40,2609,1252,1357,,1953,923,1030,,656,329,327,
DERA BUGTI,41,2591,1291,1300,,1760,879,881,,831,412,419,
DERA BUGTI,42,2250,1098,1152,,1576,765,811,,674,333,341,
DERA BUGTI,43,2790,1426,1364,,1898,985,913,,892,441,451,
DERA BUGTI,44,2027,1073,954,,1447,761,686,,580,312,268,
DERA BUGTI,45,1676,869,807,,1221,627,594,,455,242,213,
DERA BUGTI,46,1602,840,762,,1116,576,540,,486,264,222,
DERA BUGTI,47,1524,793,731,,1007,535,472,,517,258,259,
DERA BUGTI,48,1740,870,870,,1249,639,610,,491,231,260,
DERA BUGTI,49,1284,625,659,,903,434,469,,381,191,190,
DERA BUGTI,50,1452,718,734,,1083,530,553,,369,188,181,
DERA BUGTI,51,1329,626,703,,909,436,473,,420,190,230,
DERA BUGTI,52,1268,646,622,,838,438,400,,430,208,222,
DERA BUGTI,53,1816,844,972,,1230,600,630,,586,244,342,
DERA BUGTI,54,1319,697,622,,850,447,403,,469,250,219,
DERA BUGTI,55,1231,613,618,,848,413,435,,383,200,183,
DERA BUGTI,56,1100,545,555,,730,363,367,,370,182,188,
DERA BUGTI,57,1010,535,475,,607,317,290,,403,218,185,
DERA BUGTI,58,1301,673,628,,896,462,434,,405,211,194,
DERA BUGTI,59,962,546,416,,622,353,269,,340,193,147,
DERA BUGTI,60,1142,615,527,,860,469,391,,282,146,136,
DERA BUGTI,61,842,453,389,,541,305,236,,301,148,153,
DERA BUGTI,62,773,428,345,,530,298,232,,243,130,113,
DERA BUGTI,63,1150,633,517,,796,449,347,,354,184,170,
DERA BUGTI,64,683,400,283,,481,285,196,,202,115,87,
DERA BUGTI,65,783,461,322,,567,332,235,,216,129,87,
DERA BUGTI,66,504,291,213,,351,206,145,,153,85,68,
DERA BUGTI,67,412,230,182,,257,153,104,,155,77,78,
DERA BUGTI,68,562,258,304,,392,190,202,,170,68,102,
DERA BUGTI,69,385,219,166,,260,159,101,,125,60,65,
DERA BUGTI,70,654,358,296,,504,283,221,,150,75,75,
DERA BUGTI,71,331,189,142,,219,136,83,,112,53,59,
DERA BUGTI,72,316,186,130,,209,128,81,,107,58,49,
DERA BUGTI,73,477,246,231,,341,187,154,,136,59,77,
DERA BUGTI,74,238,151,87,,177,121,56,,61,30,31,
DERA BUGTI,75 & ABOVE,1666,966,700,,1194,744,450,,472,222,250,
DUKI,ALL AGES,205044,107221,97775,48,195261,101940,93276,45,9783,5281,4499,3
DUKI,BELOW 1,2392,1159,1233,,2373,1152,1221,,19,7,12,
DUKI,01,5939,3063,2876,,5753,2949,2804,,186,114,72,
DUKI,02,8515,4399,4116,,8269,4285,3984,,246,114,132,
DUKI,03,8700,4560,4140,,8459,4440,4019,,241,120,121,
DUKI,04,9611,5012,4599,,9296,4862,4434,,315,150,165,
DUKI,05,7209,3688,3521,,7014,3602,3412,,195,86,109,
DUKI,06,6667,3409,3258,,6495,3325,3170,,172,84,88,
DUKI,07,6009,3175,2834,,5846,3099,2747,,163,76,87,
DUKI,08,6811,3273,3538,,6591,3175,3416,,220,98,122,
DUKI,09,5480,3129,2351,,5327,3047,2280,,153,82,71,
DUKI,10,5481,2775,2706,,5254,2667,2587,,227,108,119,
DUKI,11,5132,2686,2446,,4978,2610,2368,,154,76,78,
DUKI,12,5425,2751,2674,,5198,2626,2572,,227,125,102,
DUKI,13,4578,2420,2158,,4374,2319,2055,,204,101,103,
DUKI,14,4393,2352,2039,2,4225,2266,1957,2,168,86,82,
DUKI,15,4733,2431,2297,5,4452,2276,2171,5,281,155,126,
DUKI,16,4470,2400,2067,3,4258,2272,1983,3,212,128,84,
DUKI,17,3630,1928,1700,2,3444,1813,1629,2,186,115,71,
DUKI,18,4387,2352,2033,2,4153,2213,1938,2,234,139,95,
DUKI,19,3981,2104,1877,,3782,1980,1802,,199,124,75,
DUKI,20,4047,2058,1988,1,3767,1907,1859,1,280,151,129,
DUKI,21,3692,2020,1672,,3455,1885,1570,,237,135,102,
DUKI,22,3716,1861,1855,,3421,1735,1686,,295,126,169,
DUKI,23,4101,2104,1991,6,3851,1980,1865,6,250,124,126,
DUKI,24,3173,1547,1626,,2952,1424,1528,,221,123,98,
DUKI,25,3885,2084,1793,8,3561,1900,1653,8,324,184,140,
DUKI,26,3726,1780,1946,,3557,1700,1857,,169,80,89,
DUKI,27,2954,1449,1505,,2808,1378,1430,,146,71,75,
DUKI,28,3414,1758,1656,,3165,1617,1548,,249,141,108,
DUKI,29,3262,1562,1700,,3099,1477,1622,,163,85,78,
DUKI,30,2979,1540,1439,,2803,1438,1365,,176,102,74,
DUKI,31,2649,1233,1416,,2530,1177,1353,,119,56,63,
DUKI,32,3119,1493,1625,1,2941,1397,1543,1,178,96,82,
DUKI,33,2777,1405,1364,8,2624,1303,1313,8,153,102,51,
DUKI,34,2393,1152,1241,,2284,1095,1189,,109,57,52,
DUKI,35,2402,1315,1084,3,2258,1238,1019,1,144,77,65,2
DUKI,36,3072,1634,1437,1,2908,1545,1362,1,164,89,75,
DUKI,37,2173,1120,1052,1,2048,1055,993,,125,65,59,1
DUKI,38,2489,1396,1093,,2340,1319,1021,,149,77,72,
DUKI,39,2448,1346,1101,1,2326,1278,1047,1,122,68,54,
DUKI,40,2092,1162,929,1,1924,1059,864,1,168,103,65,
DUKI,41,1819,967,852,,1706,908,798,,113,59,54,
DUKI,42,1999,1024,974,1,1875,953,921,1,124,71,53,
DUKI,43,1351,756,595,,1276,716,560,,75,40,35,
DUKI,44,1593,878,715,,1493,817,676,,100,61,39,
DUKI,45,1596,940,656,,1430,843,587,,166,97,69,
DUKI,46,1311,722,589,,1219,675,544,,92,47,45,
DUKI,47,1070,581,489,,990,536,454,,80,45,35,
DUKI,48,1236,608,628,,1136,552,584,,100,56,44,
DUKI,49,1039,540,499,,963,502,461,,76,38,38,
DUKI,50,1152,676,476,,1038,598,440,,114,78,36,
DUKI,51,865,424,441,,792,382,410,,73,42,31,
DUKI,52,915,499,415,1,857,463,393,1,58,36,22,
DUKI,53,823,484,339,,773,450,323,,50,34,16,
DUKI,54,755,437,318,,694,399,295,,61,38,23,
DUKI,55,927,532,394,1,857,491,365,1,70,41,29,
DUKI,56,895,560,335,,846,528,318,,49,32,17,
DUKI,57,475,277,198,,445,257,188,,30,20,10,
DUKI,58,605,355,250,,569,332,237,,36,23,13,
DUKI,59,545,324,221,,514,303,211,,31,21,10,
DUKI,60,696,403,293,,649,374,275,,47,29,18,
DUKI,61,440,295,145,,413,275,138,,27,20,7,
DUKI,62,396,225,171,,369,208,161,,27,17,10,
DUKI,63,397,216,181,,375,199,176,,22,17,5,
DUKI,64,414,252,162,,392,237,155,,22,15,7,
DUKI,65,429,254,175,,401,238,163,,28,16,12,
DUKI,66,353,205,148,,332,195,137,,21,10,11,
DUKI,67,231,131,100,,218,126,92,,13,5,8,
DUKI,68,241,125,116,,229,119,110,,12,6,6,
DUKI,69,181,102,79,,168,99,69,,13,3,10,
DUKI,70,391,234,157,,373,223,150,,18,11,7,
DUKI,71,210,123,87,,201,119,82,,9,4,5,
DUKI,72,181,102,79,,171,95,76,,10,7,3,
DUKI,73,169,107,62,,160,104,56,,9,3,6,
DUKI,74,144,96,48,,133,87,46,,11,9,2,
DUKI,75 & ABOVE,1094,682,412,,1041,652,389,,53,30,23,
GWADAR,ALL AGES,302831,159626,143174,31,146125,76472,69639,14,156706,83154,73535,17
GWADAR,BELOW 1,6522,3510,3012,,4065,2179,1886,,2457,1331,1126,
GWADAR,01,8033,4317,3716,,3822,2023,1799,,4211,2294,1917,
GWADAR,02,9823,5274,4549,,5064,2648,2416,,4759,2626,2133,
GWADAR,03,10496,5516,4980,,5265,2654,2611,,5231,2862,2369,
GWADAR,04,11264,5967,5297,,5784,2980,2804,,5480,2987,2493,
GWADAR,05,9026,4695,4331,,4707,2419,2288,,4319,2276,2043,
GWADAR,06,8580,4477,4103,,4508,2359,2149,,4072,2118,1954,
GWADAR,07,8701,4651,4050,,4472,2324,2148,,4229,2327,1902,
GWADAR,08,9331,4764,4567,,5063,2589,2474,,4268,2175,2093,
GWADAR,09,7019,4018,3001,,3562,2055,1507,,3457,1963,1494,
GWADAR,10,8824,4874,3950,,4771,2605,2166,,4053,2269,1784,
GWADAR,11,7928,4188,3740,,4120,2190,1930,,3808,1998,1810,
GWADAR,12,8277,4616,3661,,4376,2454,1922,,3901,2162,1739,
GWADAR,13,8161,4481,3680,,4234,2346,1888,,3927,2135,1792,
GWADAR,14,8005,4342,3661,2,4214,2340,1872,2,3791,2002,1789,
GWADAR,15,8037,4413,3621,3,4183,2307,1875,1,3854,2106,1746,2
GWADAR,16,7601,4259,3341,1,3926,2267,1659,,3675,1992,1682,1
GWADAR,17,7386,4105,3280,1,3641,2049,1591,1,3745,2056,1689,
GWADAR,18,6848,3683,3164,1,3334,1742,1591,1,3514,1941,1573,
GWADAR,19,5845,3020,2823,2,2655,1406,1248,1,3190,1614,1575,1
GWADAR,20,6261,3176,3083,2,3026,1547,1478,1,3235,1629,1605,1
GWADAR,21,5474,2799,2674,1,2433,1266,1166,1,3041,1533,1508,
GWADAR,22,5077,2382,2695,,2293,1107,1186,,2784,1275,1509,
GWADAR,23,4695,2277,2418,,2068,984,1084,,2627,1293,1334,
GWADAR,24,5180,2526,2654,,2246,1104,1142,,2934,1422,1512,
GWADAR,25,5294,2723,2570,1,2492,1297,1194,1,2802,1426,1376,
GWADAR,26,4999,2438,2560,1,2136,1055,1080,1,2863,1383,1480,
GWADAR,27,4462,2308,2154,,1865,976,889,,2597,1332,1265,
GWADAR,28,4307,2146,2160,1,1795,858,937,,2512,1288,1223,1
GWADAR,29,3881,1936,1944,1,1572,789,782,1,2309,1147,1162,
GWADAR,30,4077,2031,2046,,1846,920,926,,2231,1111,1120,
GWADAR,31,3581,1785,1795,1,1490,735,755,,2091,1050,1040,1
GWADAR,32,3335,1578,1755,2,1385,647,736,2,1950,931,1019,
GWADAR,33,3518,1650,1868,,1495,677,818,,2023,973,1050,
GWADAR,34,3434,1636,1798,,1438,646,792,,1996,990,1006,
GWADAR,35,3521,1810,1711,,1579,781,798,,1942,1029,913,
GWADAR,36,3175,1485,1690,,1240,568,672,,1935,917,1018,
GWADAR,37,3457,1796,1661,,1445,709,736,,2012,1087,925,
GWADAR,38,3385,1739,1646,,1440,700,740,,1945,1039,906,
GWADAR,39,3191,1659,1532,,1253,614,639,,1938,1045,893,
GWADAR,40,3134,1645,1487,2,1433,717,716,,1701,928,771,2
GWADAR,41,3014,1516,1498,,1431,685,746,,1583,831,752,
GWADAR,42,2578,1351,1226,1,1195,580,615,,1383,771,611,1
GWADAR,43,3081,1554,1527,,1450,723,727,,1631,831,800,
GWADAR,44,2423,1296,1127,,1002,512,490,,1421,784,637,
GWADAR,45,2405,1302,1102,1,1122,585,537,,1283,717,565,1
GWADAR,46,2160,1173,987,,907,462,445,,1253,711,542,
GWADAR,47,1927,1088,839,,836,452,384,,1091,636,455,
GWADAR,48,2261,1258,1003,,996,567,429,,1265,691,574,
GWADAR,49,1942,1006,935,1,796,401,395,,1146,605,540,1
GWADAR,50,1804,956,847,1,868,454,413,1,936,502,434,
GWADAR,51,1732,943,789,,743,397,346,,989,546,443,
GWADAR,52,1412,805,607,,597,326,271,,815,479,336,
GWADAR,53,1806,939,867,,778,404,374,,1028,535,493,
GWADAR,54,1544,837,707,,627,321,306,,917,516,401,
GWADAR,55,1273,699,574,,564,302,262,,709,397,312,
GWADAR,56,1193,642,551,,507,274,233,,686,368,318,
GWADAR,57,1063,658,405,,448,275,173,,615,383,232,
GWADAR,58,1240,697,541,2,561,307,254,,679,390,287,2
GWADAR,59,1028,607,421,,395,233,162,,633,374,259,
GWADAR,60,1260,709,550,1,577,327,250,,683,382,300,1
GWADAR,61,947,542,405,,393,217,176,,554,325,229,
GWADAR,62,815,479,336,,367,215,152,,448,264,184,
GWADAR,63,963,510,452,1,415,214,201,,548,296,251,1
GWADAR,64,942,519,423,,379,216,163,,563,303,260,
GWADAR,65,990,551,439,,458,250,208,,532,301,231,
GWADAR,66,697,344,353,,267,132,135,,430,212,218,
GWADAR,67,581,329,252,,243,133,110,,338,196,142,
GWADAR,68,629,336,293,,297,151,146,,332,185,147,
GWADAR,69,640,330,309,1,292,142,150,,348,188,159,1
GWADAR,70,870,492,378,,453,245,208,,417,247,170,
GWADAR,71,562,294,268,,253,136,117,,309,158,151,
GWADAR,72,325,179,146,,156,82,74,,169,97,72,
GWADAR,73,409,216,193,,212,115,97,,197,101,96,
GWADAR,74,456,241,215,,240,127,113,,216,114,102,
GWADAR,75 & ABOVE,2714,1533,1181,,1564,877,687,,1150,656,494,
HARNAI,ALL AGES,127571,67362,60205,4,94138,48654,45481,3,33433,18708,14724,1
HARNAI,BELOW 1,4455,2333,2122,,3495,1751,1744,,960,582,378,
HARNAI,01,5787,3199,2588,,4028,2126,1902,,1759,1073,686,
HARNAI,02,6768,3586,3182,,4739,2372,2367,,2029,1214,815,
HARNAI,03,7129,3860,3269,,4992,2604,2388,,2137,1256,881,
HARNAI,04,7342,3845,3497,,5499,2794,2705,,1843,1051,792,
HARNAI,05,4849,2526,2323,,3599,1844,1755,,1250,682,568,
HARNAI,06,5313,2724,2589,,3996,1994,2002,,1317,730,587,
HARNAI,07,4499,2357,2142,,3433,1743,1690,,1066,614,452,
HARNAI,08,4945,2515,2430,,3796,1890,1906,,1149,625,524,
HARNAI,09,3912,2177,1735,,2878,1543,1335,,1034,634,400,
HARNAI,10,4134,2215,1919,,3253,1713,1540,,881,502,379,
HARNAI,11,3512,1800,1712,,2688,1356,1332,,824,444,380,
HARNAI,12,3631,1962,1669,,2777,1479,1298,,854,483,371,
HARNAI,13,3092,1650,1442,,2345,1219,1126,,747,431,316,
HARNAI,14,3012,1600,1411,1,2378,1239,1138,1,634,361,273,
HARNAI,15,2740,1482,1258,,2072,1122,950,,668,360,308,
HARNAI,16,2748,1486,1262,,2070,1098,972,,678,388,290,
HARNAI,17,2105,1142,962,1,1579,837,742,,526,305,220,1
HARNAI,18,2059,1128,931,,1576,863,713,,483,265,218,
HARNAI,19,1783,937,846,,1312,668,644,,471,269,202,
HARNAI,20,1923,1005,917,1,1369,708,660,1,554,297,257,
HARNAI,21,1655,847,808,,1146,571,575,,509,276,233,
HARNAI,22,1667,866,801,,1109,568,541,,558,298,260,
HARNAI,23,1474,780,694,,1076,580,496,,398,200,198,
HARNAI,24,1534,779,755,,1089,559,530,,445,220,225,
HARNAI,25,1365,733,632,,962,517,445,,403,216,187,
HARNAI,26,1383,692,691,,959,473,486,,424,219,205,
HARNAI,27,1314,718,596,,902,498,404,,412,220,192,
HARNAI,28,1294,699,595,,892,477,415,,402,222,180,
HARNAI,29,1307,681,626,,880,461,419,,427,220,207,
HARNAI,30,1332,725,607,,995,540,455,,337,185,152,
HARNAI,31,1271,580,691,,914,412,502,,357,168,189,
HARNAI,32,1367,644,723,,917,446,471,,450,198,252,
HARNAI,33,1259,582,677,,937,434,503,,322,148,174,
HARNAI,34,1137,520,617,,813,359,454,,324,161,163,
HARNAI,35,1129,559,570,,829,412,417,,300,147,153,
HARNAI,36,1238,643,595,,897,447,450,,341,196,145,
HARNAI,37,1140,571,569,,837,409,428,,303,162,141,
HARNAI,38,1136,572,564,,816,405,411,,320,167,153,
HARNAI,39,1017,533,484,,726,374,352,,291,159,132,
HARNAI,40,1065,570,495,,782,406,376,,283,164,119,
HARNAI,41,975,524,451,,720,380,340,,255,144,111,
HARNAI,42,855,458,397,,563,301,262,,292,157,135,
HARNAI,43,941,518,423,,726,412,314,,215,106,109,
HARNAI,44,875,495,380,,651,356,295,,224,139,85,
HARNAI,45,732,369,362,1,540,269,270,1,192,100,92,
HARNAI,46,628,346,282,,454,243,211,,174,103,71,
HARNAI,47,682,377,305,,496,270,226,,186,107,79,
HARNAI,48,676,335,341,,521,251,270,,155,84,71,
HARNAI,49,498,262,236,,366,187,179,,132,75,57,
HARNAI,50,622,362,260,,485,278,207,,137,84,53,
HARNAI,51,568,304,264,,440,228,212,,128,76,52,
HARNAI,52,545,295,250,,386,208,178,,159,87,72,
HARNAI,53,597,279,318,,457,219,238,,140,60,80,
HARNAI,54,460,258,202,,336,188,148,,124,70,54,
HARNAI,55,480,235,245,,374,184,190,,106,51,55,
HARNAI,56,380,208,172,,279,148,131,,101,60,41,
HARNAI,57,354,203,151,,257,152,105,,97,51,46,
HARNAI,58,366,197,169,,288,153,135,,78,44,34,
HARNAI,59,301,180,121,,228,143,85,,73,37,36,
HARNAI,60,483,281,202,,357,203,154,,126,78,48,
HARNAI,61,268,153,115,,217,124,93,,51,29,22,
HARNAI,62,257,146,111,,180,103,77,,77,43,34,
HARNAI,63,301,148,153,,241,123,118,,60,25,35,
HARNAI,64,287,168,119,,217,123,94,,70,45,25,
HARNAI,65,298,167,131,,235,132,103,,63,35,28,
HARNAI,66,243,145,98,,184,107,77,,59,38,21,
HARNAI,67,220,130,90,,161,95,66,,59,35,24,
HARNAI,68,194,96,98,,158,76,82,,36,20,16,
HARNAI,69,151,77,74,,109,53,56,,42,24,18,
HARNAI,70,267,143,124,,203,105,98,,64,38,26,
HARNAI,71,139,70,69,,108,55,53,,31,15,16,
HARNAI,72,145,82,63,,104,60,44,,41,22,19,
HARNAI,73,115,61,54,,91,48,43,,24,13,11,
HARNAI,74,110,70,40,,89,57,32,,21,13,8,
HARNAI,75 & ABOVE,736,397,339,,565,309,256,,171,88,83,
JAFFARABAD,ALL AGES,594558,301370,293177,11,431165,218419,212743,3,163393,82951,80434,8
JAFFARABAD,BELOW 1,13178,6606,6572,,10069,4975,5094,,3109,1631,1478,
JAFFARABAD,01,20892,10417,10475,,15257,7531,7726,,5635,2886,2749,
JAFFARABAD,02,25495,12827,12668,,19024,9540,9484,,6471,3287,3184,
JAFFARABAD,03,29192,14701,14491,,21484,10700,10784,,7708,4001,3707,
JAFFARABAD,04,29880,15469,14411,,22162,11442,10720,,7718,4027,3691,
JAFFARABAD,05,23811,12001,11810,,18296,9265,9031,,5515,2736,2779,
JAFFARABAD,06,22282,11343,10939,,17201,8844,8357,,5081,2499,2582,
JAFFARABAD,07,22015,11154,10861,,16565,8442,8123,,5450,2712,2738,
JAFFARABAD,08,22381,10720,11661,,17160,8232,8928,,5221,2488,2733,
JAFFARABAD,09,15785,8718,7067,,11533,6365,5168,,4252,2353,1899,
JAFFARABAD,10,18745,9488,9257,,14142,7167,6975,,4603,2321,2282,
JAFFARABAD,11,15464,7917,7547,,11092,5708,5384,,4372,2209,2163,
JAFFARABAD,12,17395,9011,8384,,12752,6657,6095,,4643,2354,2289,
JAFFARABAD,13,14458,7334,7124,,10117,5103,5014,,4341,2231,2110,
JAFFARABAD,14,14967,7754,7212,1,10655,5522,5132,1,4312,2232,2080,
JAFFARABAD,15,13512,6803,6709,,9434,4779,4655,,4078,2024,2054,
JAFFARABAD,16,13985,7430,6555,,9807,5199,4608,,4178,2231,1947,
JAFFARABAD,17,10934,5774,5159,1,7360,3864,3496,,3574,1910,1663,1
JAFFARABAD,18,12916,6718,6198,,9265,4826,4439,,3651,1892,1759,
JAFFARABAD,19,10442,5381,5060,1,7188,3676,3511,1,3254,1705,1549,
JAFFARABAD,20,10937,5393,5543,1,7839,3845,3993,1,3098,1548,1550,
JAFFARABAD,21,9754,4857,4897,,6763,3373,3390,,2991,1484,1507,
JAFFARABAD,22,9695,4817,4878,,6706,3329,3377,,2989,1488,1501,
JAFFARABAD,23,8739,4330,4409,,6146,3046,3100,,2593,1284,1309,
JAFFARABAD,24,8693,4509,4184,,6053,3126,2927,,2640,1383,1257,
JAFFARABAD,25,7766,3831,3935,,5626,2782,2844,,2140,1049,1091,
JAFFARABAD,26,7333,3723,3609,1,5059,2607,2452,,2274,1116,1157,1
JAFFARABAD,27,6540,3414,3126,,4465,2323,2142,,2075,1091,984,
JAFFARABAD,28,6332,3092,3240,,4383,2108,2275,,1949,984,965,
JAFFARABAD,29,5952,3030,2922,,4036,2065,1971,,1916,965,951,
JAFFARABAD,30,5731,2781,2950,,4087,1959,2128,,1644,822,822,
JAFFARABAD,31,6088,3034,3054,,4233,2097,2136,,1855,937,918,
JAFFARABAD,32,5467,2609,2858,,3667,1703,1964,,1800,906,894,
JAFFARABAD,33,6580,3234,3346,,4770,2350,2420,,1810,884,926,
JAFFARABAD,34,5737,2785,2952,,4028,1980,2048,,1709,805,904,
JAFFARABAD,35,5505,2749,2755,1,3969,1979,1990,,1536,770,765,1
JAFFARABAD,36,5277,2503,2774,,3668,1716,1952,,1609,787,822,
JAFFARABAD,37,5429,2733,2696,,3832,1907,1925,,1597,826,771,
JAFFARABAD,38,6070,2878,3190,2,4333,2015,2318,,1737,863,872,2
JAFFARABAD,39,5052,2539,2513,,3604,1791,1813,,1448,748,700,
JAFFARABAD,40,4734,2317,2417,,3393,1652,1741,,1341,665,676,
JAFFARABAD,41,5680,2832,2848,,4090,2069,2021,,1590,763,827,
JAFFARABAD,42,4889,2455,2434,,3323,1679,1644,,1566,776,790,
JAFFARABAD,43,6890,3515,3375,,5212,2701,2511,,1678,814,864,
JAFFARABAD,44,4330,2323,2006,1,3007,1626,1381,,1323,697,625,1
JAFFARABAD,45,3847,2126,1721,,2772,1538,1234,,1075,588,487,
JAFFARABAD,46,3595,1993,1602,,2542,1423,1119,,1053,570,483,
JAFFARABAD,47,3443,1897,1546,,2452,1355,1097,,991,542,449,
JAFFARABAD,48,3802,1924,1878,,2721,1397,1324,,1081,527,554,
JAFFARABAD,49,2584,1357,1227,,1780,939,841,,804,418,386,
JAFFARABAD,50,2493,1244,1249,,1754,847,907,,739,397,342,
JAFFARABAD,51,2748,1249,1499,,1994,899,1095,,754,350,404,
JAFFARABAD,52,2585,1281,1304,,1750,873,877,,835,408,427,
JAFFARABAD,53,3862,1868,1994,,2902,1417,1485,,960,451,509,
JAFFARABAD,54,2306,1235,1071,,1587,848,739,,719,387,332,
JAFFARABAD,55,2139,1091,1048,,1535,787,748,,604,304,300,
JAFFARABAD,56,1852,972,880,,1301,666,635,,551,306,245,
JAFFARABAD,57,1884,961,923,,1340,678,662,,544,283,261,
JAFFARABAD,58,2281,1221,1059,1,1688,910,778,,593,311,281,1
JAFFARABAD,59,1588,914,674,,1127,650,477,,461,264,197,
JAFFARABAD,60,1735,871,864,,1263,637,626,,472,234,238,
JAFFARABAD,61,1532,813,719,,1112,580,532,,420,233,187,
JAFFARABAD,62,1333,645,688,,936,444,492,,397,201,196,
JAFFARABAD,63,2250,1017,1233,,1703,785,918,,547,232,315,
JAFFARABAD,64,1247,658,589,,874,480,394,,373,178,195,
JAFFARABAD,65,1333,735,598,,944,517,427,,389,218,171,
JAFFARABAD,66,947,479,468,,654,342,312,,293,137,156,
JAFFARABAD,67,974,480,494,,703,341,362,,271,139,132,
JAFFARABAD,68,1221,525,696,,914,395,519,,307,130,177,
JAFFARABAD,69,797,439,358,,566,321,245,,231,118,113,
JAFFARABAD,70,994,518,476,,745,388,357,,249,130,119,
JAFFARABAD,71,760,379,381,,559,291,268,,201,88,113,
JAFFARABAD,72,673,339,334,,475,258,217,,198,81,117,
JAFFARABAD,73,987,386,601,,776,302,474,,211,84,127,
JAFFARABAD,74,487,257,230,,350,193,157,,137,64,73,
JAFFARABAD,75 & ABOVE,3350,1647,1702,1,2491,1253,1238,,859,394,464,1
JHAL MAGSI,ALL AGES,203368,103422,99933,13,179238,91912,87315,11,24130,11510,12618,2
JHAL MAGSI,BELOW 1,3456,1747,1709,,2975,1523,1452,,481,224,257,
JHAL MAGSI,01,6415,3261,3154,,5803,2974,2829,,612,287,325,
JHAL MAGSI,02,7874,3958,3916,,6967,3512,3455,,907,446,461,
JHAL MAGSI,03,8827,4455,4372,,7940,4038,3902,,887,417,470,
JHAL MAGSI,04,9470,4825,4645,,8516,4353,4163,,954,472,482,
JHAL MAGSI,05,8076,4049,4027,,7187,3643,3544,,889,406,483,
JHAL MAGSI,06,8278,4204,4074,,7439,3774,3665,,839,430,409,
JHAL MAGSI,07,7822,4001,3821,,7055,3651,3404,,767,350,417,
JHAL MAGSI,08,7797,3754,4043,,7117,3443,3674,,680,311,369,
JHAL MAGSI,09,5661,3116,2545,,5132,2844,2288,,529,272,257,
JHAL MAGSI,10,6811,3457,3354,,6233,3184,3049,,578,273,305,
JHAL MAGSI,11,5475,2826,2649,,4923,2566,2357,,552,260,292,
JHAL MAGSI,12,6214,3115,3099,,5578,2856,2722,,636,259,377,
JHAL MAGSI,13,5087,2652,2435,,4544,2395,2149,,543,257,286,
JHAL MAGSI,14,5236,2733,2503,,4670,2467,2203,,566,266,300,
JHAL MAGSI,15,4954,2582,2371,1,4377,2334,2042,1,577,248,329,
JHAL MAGSI,16,4857,2562,2294,1,4284,2320,1963,1,573,242,331,
JHAL MAGSI,17,4079,2149,1930,,3587,1918,1669,,492,231,261,
JHAL MAGSI,18,4360,2276,2083,1,3800,2037,1762,1,560,239,321,
JHAL MAGSI,19,3705,1926,1777,2,3144,1677,1465,2,561,249,312,
JHAL MAGSI,20,4039,2059,1980,,3524,1834,1690,,515,225,290,
JHAL MAGSI,21,3353,1667,1683,3,2826,1429,1394,3,527,238,289,
JHAL MAGSI,22,3405,1693,1711,1,2940,1473,1466,1,465,220,245,
JHAL MAGSI,23,2951,1494,1456,1,2507,1296,1210,1,444,198,246,
JHAL MAGSI,24,2790,1385,1405,,2369,1190,1179,,421,195,226,
JHAL MAGSI,25,2857,1494,1363,,2443,1295,1148,,414,199,215,
JHAL MAGSI,26,2629,1302,1327,,2223,1124,1099,,406,178,228,
JHAL MAGSI,27,2317,1172,1145,,1973,1011,962,,344,161,183,
JHAL MAGSI,28,2432,1167,1265,,2001,971,1030,,431,196,235,
JHAL MAGSI,29,2135,1028,1107,,1763,849,914,,372,179,193,
JHAL MAGSI,30,2141,1124,1017,,1853,960,893,,288,164,124,
JHAL MAGSI,31,1885,877,1008,,1591,735,856,,294,142,152,
JHAL MAGSI,32,1731,852,879,,1434,695,739,,297,157,140,
JHAL MAGSI,33,2020,939,1081,,1756,814,942,,264,125,139,
JHAL MAGSI,34,1995,979,1016,,1708,819,889,,287,160,127,
JHAL MAGSI,35,2092,1074,1018,,1839,943,896,,253,131,122,
JHAL MAGSI,36,1965,877,1088,,1675,738,937,,290,139,151,
JHAL MAGSI,37,1969,1009,960,,1727,886,841,,242,123,119,
JHAL MAGSI,38,1851,880,970,1,1629,770,858,1,222,110,112,
JHAL MAGSI,39,1736,826,910,,1512,719,793,,224,107,117,
JHAL MAGSI,40,1878,882,995,1,1668,784,884,,210,98,111,1
JHAL MAGSI,41,1635,770,865,,1432,673,759,,203,97,106,
JHAL MAGSI,42,1767,838,929,,1550,728,822,,217,110,107,
JHAL MAGSI,43,1685,901,783,1,1497,815,682,,188,86,101,1
JHAL MAGSI,44,1524,776,748,,1326,674,652,,198,102,96,
JHAL MAGSI,45,1461,768,693,,1300,680,620,,161,88,73,
JHAL MAGSI,46,1385,703,682,,1215,626,589,,170,77,93,
JHAL MAGSI,47,1309,697,612,,1156,620,536,,153,77,76,
JHAL MAGSI,48,1342,714,628,,1181,639,542,,161,75,86,
JHAL MAGSI,49,1117,551,566,,948,466,482,,169,85,84,
JHAL MAGSI,50,1188,607,581,,1028,526,502,,160,81,79,
JHAL MAGSI,51,1044,495,549,,894,417,477,,150,78,72,
JHAL MAGSI,52,1017,532,485,,861,445,416,,156,87,69,
JHAL MAGSI,53,1069,567,502,,945,509,436,,124,58,66,
JHAL MAGSI,54,882,478,404,,755,410,345,,127,68,59,
JHAL MAGSI,55,921,497,424,,764,400,364,,157,97,60,
JHAL MAGSI,56,735,381,354,,604,313,291,,131,68,63,
JHAL MAGSI,57,599,313,286,,504,263,241,,95,50,45,
JHAL MAGSI,58,691,369,322,,626,330,296,,65,39,26,
JHAL MAGSI,59,548,332,216,,456,272,184,,92,60,32,
JHAL MAGSI,60,808,430,378,,732,389,343,,76,41,35,
JHAL MAGSI,61,461,286,175,,385,233,152,,76,53,23,
JHAL MAGSI,62,467,253,214,,403,220,183,,64,33,31,
JHAL MAGSI,63,567,323,244,,510,298,212,,57,25,32,
JHAL MAGSI,64,466,238,228,,411,210,201,,55,28,27,
JHAL MAGSI,65,543,313,230,,484,281,203,,59,32,27,
JHAL MAGSI,66,292,136,156,,244,107,137,,48,29,19,
JHAL MAGSI,67,289,164,125,,256,149,107,,33,15,18,
JHAL MAGSI,68,332,156,176,,297,142,155,,35,14,21,
JHAL MAGSI,69,266,149,117,,223,129,94,,43,20,23,
JHAL MAGSI,70,476,266,210,,420,234,186,,56,32,24,
JHAL MAGSI,71,209,106,103,,177,94,83,,32,12,20,
JHAL MAGSI,72,178,94,84,,148,80,68,,30,14,16,
JHAL MAGSI,73,204,115,89,,186,103,83,,18,12,6,
JHAL MAGSI,74,167,99,68,,134,80,54,,33,19,14,
JHAL MAGSI,75 & ABOVE,1099,577,522,,954,513,441,,145,64,81,
KACHHI,ALL AGES,442674,233584,209056,34,362222,192336,169859,27,80452,41248,39197,7
KACHHI,BELOW 1,8903,4560,4343,,7009,3587,3422,,1894,973,921,
KACHHI,01,15741,8388,7353,,12629,6795,5834,,3112,1593,1519,
KACHHI,02,18661,10037,8624,,15521,8523,6998,,3140,1514,1626,
KACHHI,03,19837,10568,9269,,16169,8727,7442,,3668,1841,1827,
KACHHI,04,20705,10993,9712,,17056,9135,7921,,3649,1858,1791,
KACHHI,05,16509,8745,7764,,13433,7242,6191,,3076,1503,1573,
KACHHI,06,17170,9118,8052,,14466,7767,6699,,2704,1351,1353,
KACHHI,07,16198,8640,7558,,13314,7165,6149,,2884,1475,1409,
KACHHI,08,17251,8700,8551,,14552,7400,7152,,2699,1300,1399,
KACHHI,09,14441,8414,6027,,11911,6995,4916,,2530,1419,1111,
KACHHI,10,16021,8549,7472,,13462,7245,6217,,2559,1304,1255,
KACHHI,11,15220,8347,6873,,12493,6935,5558,,2727,1412,1315,
KACHHI,12,15113,8187,6926,,12416,6785,5631,,2697,1402,1295,
KACHHI,13,14302,8015,6287,,11487,6559,4928,,2815,1456,1359,
KACHHI,14,13994,7688,6298,8,11404,6340,5057,7,2590,1348,1241,1
KACHHI,15,13577,7512,6059,6,11055,6206,4847,2,2522,1306,1212,4
KACHHI,16,13431,7584,5846,1,10990,6237,4752,1,2441,1347,1094,
KACHHI,17,12188,6853,5328,7,9985,5694,4284,7,2203,1159,1044,
KACHHI,18,8608,4686,3921,1,7042,3860,3181,1,1566,826,740,
KACHHI,19,7229,3767,3462,,5772,3033,2739,,1457,734,723,
KACHHI,20,6594,3535,3058,1,5343,2864,2478,1,1251,671,580,
KACHHI,21,5719,3084,2634,1,4530,2444,2085,1,1189,640,549,
KACHHI,22,5368,2599,2768,1,4261,2065,2195,1,1107,534,573,
KACHHI,23,4552,2298,2253,1,3588,1823,1764,1,964,475,489,
KACHHI,24,4682,2333,2349,,3700,1800,1900,,982,533,449,
KACHHI,25,4977,2540,2436,1,4084,2107,1977,,893,433,459,1
KACHHI,26,4340,2145,2195,,3395,1657,1738,,945,488,457,
KACHHI,27,4268,2203,2065,,3373,1739,1634,,895,464,431,
KACHHI,28,4437,2123,2314,,3562,1677,1885,,875,446,429,
KACHHI,29,4001,1971,2030,,3232,1593,1639,,769,378,391,
KACHHI,30,4347,2044,2303,,3629,1680,1949,,718,364,354,
KACHHI,31,3721,1737,1984,,2989,1371,1618,,732,366,366,
KACHHI,32,4083,1891,2192,,3327,1527,1800,,756,364,392,
KACHHI,33,3768,1824,1943,1,2958,1457,1501,,810,367,442,1
KACHHI,34,3919,1914,2005,,3263,1596,1667,,656,318,338,
KACHHI,35,4174,2072,2102,,3514,1767,1747,,660,305,355,
KACHHI,36,3855,1815,2040,,3194,1502,1692,,661,313,348,
KACHHI,37,3567,1841,1726,,2865,1469,1396,,702,372,330,
KACHHI,38,3972,1820,2152,,3266,1487,1779,,706,333,373,
KACHHI,39,3540,1761,1779,,2900,1430,1470,,640,331,309,
KACHHI,40,4083,1842,2241,,3471,1518,1953,,612,324,288,
KACHHI,41,3432,1704,1728,,2786,1360,1426,,646,344,302,
KACHHI,42,3531,1658,1873,,2912,1352,1560,,619,306,313,
KACHHI,43,3062,1651,1411,,2408,1336,1072,,654,315,339,
KACHHI,44,3033,1507,1526,,2459,1176,1283,,574,331,243,
KACHHI,45,2852,1408,1442,2,2368,1148,1218,2,484,260,224,
KACHHI,46,2561,1264,1297,,2106,1015,1091,,455,249,206,
KACHHI,47,2344,1217,1127,,1896,970,926,,448,247,201,
KACHHI,48,2478,1286,1192,,2000,1041,959,,478,245,233,
KACHHI,49,1968,943,1025,,1598,745,853,,370,198,172,
KACHHI,50,2331,1178,1153,,1997,993,1004,,334,185,149,
KACHHI,51,1923,953,970,,1553,762,791,,370,191,179,
KACHHI,52,2033,1038,995,,1690,868,822,,343,170,173,
KACHHI,53,1890,1000,890,,1515,815,700,,375,185,190,
KACHHI,54,1824,975,849,,1489,777,712,,335,198,137,
KACHHI,55,1652,851,801,,1393,711,682,,259,140,119,
KACHHI,56,1393,750,643,,1155,609,546,,238,141,97,
KACHHI,57,1271,709,562,,1010,562,448,,261,147,114,
KACHHI,58,1427,788,639,,1166,642,524,,261,146,115,
KACHHI,59,1107,637,470,,869,495,374,,238,142,96,
KACHHI,60,1455,765,689,1,1270,660,609,1,185,105,80,
KACHHI,61,906,545,361,,725,434,291,,181,111,70,
KACHHI,62,952,508,444,,799,419,380,,153,89,64,
KACHHI,63,980,540,440,,775,434,341,,205,106,99,
KACHHI,64,945,526,419,,779,438,341,,166,88,78,
KACHHI,65,993,533,460,,851,455,396,,142,78,64,
KACHHI,66,713,404,309,,602,338,264,,111,66,45,
KACHHI,67,561,355,206,,449,292,157,,112,63,49,
KACHHI,68,686,338,348,,548,288,260,,138,50,88,
KACHHI,69,490,234,256,,407,199,208,,83,35,48,
KACHHI,70,792,426,366,,691,373,318,,101,53,48,
KACHHI,71,480,242,238,,371,194,177,,109,48,61,
KACHHI,72,419,236,183,,335,189,146,,84,47,37,
KACHHI,73,425,232,193,,337,186,151,,88,46,42,
KACHHI,74,311,161,150,,265,135,130,,46,26,20,
KACHHI,75 & ABOVE,2388,1279,1107,2,2038,1122,914,2,350,157,193,
KALAT,ALL AGES,271560,138611,132942,7,227120,115646,111468,6,44440,22965,21474,1
KALAT,BELOW 1,7033,3538,3495,,5880,2937,2943,,1153,601,552,
KALAT,01,9039,4586,4453,,7480,3762,3718,,1559,824,735,
KALAT,02,11571,5877,5694,,9872,4994,4878,,1699,883,816,
KALAT,03,12088,6088,6000,,10246,5225,5021,,1842,863,979,
KALAT,04,12587,6437,6150,,10673,5414,5259,,1914,1023,891,
KALAT,05,10196,5181,5015,,8651,4374,4277,,1545,807,738,
KALAT,06,10253,5102,5151,,8635,4257,4378,,1618,845,773,
KALAT,07,9527,4927,4600,,7915,4012,3903,,1612,915,697,
KALAT,08,10526,5059,5467,,8949,4242,4707,,1577,817,760,
KALAT,09,7823,4419,3404,,6399,3533,2866,,1424,886,538,
KALAT,10,9429,4809,4620,,7959,3998,3961,,1470,811,659,
KALAT,11,8190,4318,3872,,6707,3480,3227,,1483,838,645,
KALAT,12,8639,4396,4243,,7331,3693,3638,,1308,703,605,
KALAT,13,7108,3683,3425,,5921,3063,2858,,1187,620,567,
KALAT,14,7428,3786,3639,3,6293,3221,3069,3,1135,565,570,
KALAT,15,6744,3442,3301,1,5717,2928,2788,1,1027,514,513,
KALAT,16,6540,3413,3127,,5489,2864,2625,,1051,549,502,
KALAT,17,5471,2908,2563,,4582,2481,2101,,889,427,462,
KALAT,18,5501,2858,2643,,4638,2400,2238,,863,458,405,
KALAT,19,4782,2494,2288,,3949,2062,1887,,833,432,401,
KALAT,20,4834,2480,2354,,4100,2120,1980,,734,360,374,
KALAT,21,4012,2029,1983,,3342,1708,1634,,670,321,349,
KALAT,22,4163,2068,2094,1,3418,1708,1709,1,745,360,385,
KALAT,23,3517,1759,1758,,2916,1473,1443,,601,286,315,
KALAT,24,3428,1727,1701,,2741,1388,1353,,687,339,348,
KALAT,25,3802,1987,1815,,3250,1720,1530,,552,267,285,
KALAT,26,3355,1629,1726,,2747,1327,1420,,608,302,306,
KALAT,27,3143,1585,1558,,2575,1328,1247,,568,257,311,
KALAT,28,3320,1613,1707,,2763,1358,1405,,557,255,302,
KALAT,29,2791,1402,1389,,2330,1186,1144,,461,216,245,
KALAT,30,3177,1618,1559,,2733,1391,1342,,444,227,217,
KALAT,31,2492,1178,1314,,2030,952,1078,,462,226,236,
KALAT,32,2508,1183,1325,,1968,927,1041,,540,256,284,
KALAT,33,2589,1210,1379,,2136,1011,1125,,453,199,254,
KALAT,34,2396,1123,1273,,1954,915,1039,,442,208,234,
KALAT,35,2821,1465,1356,,2455,1285,1170,,366,180,186,
KALAT,36,2340,1129,1211,,1942,944,998,,398,185,213,
KALAT,37,2345,1173,1172,,1930,956,974,,415,217,198,
KALAT,38,2562,1280,1282,,2190,1077,1113,,372,203,169,
KALAT,39,2176,1028,1148,,1770,832,938,,406,196,210,
KALAT,40,2678,1323,1355,,2319,1155,1164,,359,168,191,
KALAT,41,2039,994,1045,,1667,822,845,,372,172,200,
KALAT,42,2073,1029,1044,,1651,816,835,,422,213,209,
KALAT,43,2022,1039,983,,1626,841,785,,396,198,198,
KALAT,44,1910,994,916,,1556,807,749,,354,187,167,
KALAT,45,1988,1105,883,,1721,958,763,,267,147,120,
KALAT,46,1445,787,658,,1175,631,544,,270,156,114,
KALAT,47,1345,715,630,,1108,590,518,,237,125,112,
KALAT,48,1451,759,692,,1224,633,591,,227,126,101,
KALAT,49,1292,621,671,,1058,499,559,,234,122,112,
KALAT,50,1745,870,875,,1566,781,785,,179,89,90,
KALAT,51,1209,601,608,,988,488,500,,221,113,108,
KALAT,52,1345,690,655,,1096,564,532,,249,126,123,
KALAT,53,1235,623,612,,996,496,500,,239,127,112,
KALAT,54,1147,575,572,,922,452,470,,225,123,102,
KALAT,55,1376,701,675,,1186,603,583,,190,98,92,
KALAT,56,987,528,459,,817,442,375,,170,86,84,
KALAT,57,788,412,376,,615,323,292,,173,89,84,
KALAT,58,964,512,451,1,779,411,368,,185,101,83,1
KALAT,59,801,448,353,,639,349,290,,162,99,63,
KALAT,60,1173,637,536,,1034,566,468,,139,71,68,
KALAT,61,670,390,280,,533,317,216,,137,73,64,
KALAT,62,641,354,287,,505,277,228,,136,77,59,
KALAT,63,685,368,317,,566,301,265,,119,67,52,
KALAT,64,603,332,271,,479,268,211,,124,64,60,
KALAT,65,761,429,332,,662,374,288,,99,55,44,
KALAT,66,480,239,240,1,372,188,183,1,108,51,57,
KALAT,67,398,231,167,,314,189,125,,84,42,42,
KALAT,68,372,179,193,,299,147,152,,73,32,41,
KALAT,69,352,189,163,,278,146,132,,74,43,31,
KALAT,70,630,378,252,,557,339,218,,73,39,34,
KALAT,71,296,165,131,,227,126,101,,69,39,30,
KALAT,72,279,166,113,,221,140,81,,58,26,32,
KALAT,73,245,134,111,,198,104,94,,47,30,17,
KALAT,74,235,153,82,,186,124,62,,49,29,20,
KALAT,75 & ABOVE,1654,954,700,,1404,833,571,,250,121,129,
KECH,ALL AGES,1060814,555163,505528,123,674168,349751,324371,46,386646,205412,181157,77
KECH,BELOW 1,24161,12177,11984,,14543,7346,7197,,9618,4831,4787,
KECH,01,34167,17573,16594,,21379,10892,10487,,12788,6681,6107,
KECH,02,43661,22545,21116,,26872,13827,13045,,16789,8718,8071,
KECH,03,42872,22362,20510,,26085,13419,12666,,16787,8943,7844,
KECH,04,48451,25354,23097,,28620,14791,13829,,19831,10563,9268,
KECH,05,31822,16529,15293,,20767,10708,10059,,11055,5821,5234,
KECH,06,28624,14792,13832,,18229,9343,8886,,10395,5449,4946,
KECH,07,24858,12986,11872,,15773,8165,7608,,9085,4821,4264,
KECH,08,29025,13838,15187,,18216,8609,9607,,10809,5229,5580,
KECH,09,20933,11709,9224,,12883,7093,5790,,8050,4616,3434,
KECH,10,28967,14670,14297,,17961,8998,8963,,11006,5672,5334,
KECH,11,23296,12542,10754,,14374,7593,6781,,8922,4949,3973,
KECH,12,25751,13345,12406,,16057,8281,7776,,9694,5064,4630,
KECH,13,20508,10734,9774,,13299,6906,6393,,7209,3828,3381,
KECH,14,21815,11272,10534,9,13478,6834,6641,3,8337,4438,3893,6
KECH,15,25648,13151,12493,4,16381,8248,8132,1,9267,4903,4361,3
KECH,16,28160,14445,13708,7,18361,9184,9176,1,9799,5261,4532,6
KECH,17,34860,18773,16076,11,22557,12088,10467,2,12303,6685,5609,9
KECH,18,25485,13057,12414,14,16276,8200,8075,1,9209,4857,4339,13
KECH,19,23499,12114,11380,5,16114,8261,7852,1,7385,3853,3528,4
KECH,20,23276,11688,11577,11,15420,7793,7623,4,7856,3895,3954,7
KECH,21,19383,9791,9589,3,12652,6365,6287,,6731,3426,3302,3
KECH,22,18597,9127,9467,3,12216,5883,6332,1,6381,3244,3135,2
KECH,23,17778,9028,8743,7,11912,5967,5941,4,5866,3061,2802,3
KECH,24,16234,7786,8444,4,10702,5077,5625,,5532,2709,2819,4
KECH,25,19095,9682,9411,2,12651,6441,6209,1,6444,3241,3202,1
KECH,26,17487,8629,8854,4,11576,5657,5918,1,5911,2972,2936,3
KECH,27,14869,7707,7160,2,9869,5210,4658,1,5000,2497,2502,1
KECH,28,16920,8544,8374,2,10933,5625,5308,,5987,2919,3066,2
KECH,29,17135,8664,8471,,10858,5631,5227,,6277,3033,3244,
KECH,30,16650,8089,8557,4,10431,5129,5300,2,6219,2960,3257,2
KECH,31,13717,6749,6967,1,8935,4487,4448,,4782,2262,2519,1
KECH,32,15658,7854,7803,1,9530,4877,4652,1,6128,2977,3151,
KECH,33,12268,6346,5920,2,8130,4180,3948,2,4138,2166,1972,
KECH,34,12096,5836,6259,1,7830,3773,4057,,4266,2063,2202,1
KECH,35,13110,7232,5877,1,8024,4426,3597,1,5086,2806,2280,
KECH,36,14124,7863,6260,1,8690,4820,3869,1,5434,3043,2391,
KECH,37,10397,5601,4796,,6897,3720,3177,,3500,1881,1619,
KECH,38,11063,6013,5049,1,6829,3694,3134,1,4234,2319,1915,
KECH,39,12694,6778,5916,,7522,4026,3496,,5172,2752,2420,
KECH,40,11847,6503,5342,2,7384,3996,3388,,4463,2507,1954,2
KECH,41,9166,4947,4219,,5875,3177,2698,,3291,1770,1521,
KECH,42,9658,5209,4448,1,5777,3151,2625,1,3881,2058,1823,
KECH,43,6577,3601,2975,1,4437,2400,2036,1,2140,1201,939,
KECH,44,8204,4555,3649,,5057,2791,2266,,3147,1764,1383,
KECH,45,8391,5055,3336,,5077,2955,2122,,3314,2100,1214,
KECH,46,7400,4226,3173,1,4553,2514,2038,1,2847,1712,1135,
KECH,47,5820,3402,2418,,3678,2088,1590,,2142,1314,828,
KECH,48,5967,3371,2595,1,3804,2114,1689,1,2163,1257,906,
KECH,49,6525,3511,3014,,3948,2019,1929,,2577,1492,1085,
KECH,50,6320,3605,2712,3,4029,2208,1819,2,2291,1397,893,1
KECH,51,4780,2548,2232,,3079,1604,1475,,1701,944,757,
KECH,52,5218,2928,2289,1,3246,1806,1440,,1972,1122,849,1
KECH,53,3954,2180,1773,1,2717,1456,1261,,1237,724,512,1
KECH,54,4915,2608,2307,,3137,1594,1543,,1778,1014,764,
KECH,55,4397,2526,1871,,2835,1564,1271,,1562,962,600,
KECH,56,4566,2592,1973,1,2899,1578,1320,1,1667,1014,653,
KECH,57,2823,1558,1265,,1818,970,848,,1005,588,417,
KECH,58,3645,2154,1488,3,2345,1344,998,3,1300,810,490,
KECH,59,3400,1977,1423,,2149,1224,925,,1251,753,498,
KECH,60,3939,2342,1595,2,2753,1579,1173,1,1186,763,422,1
KECH,61,2641,1579,1062,,1763,1040,723,,878,539,339,
KECH,62,2651,1549,1101,1,1783,990,792,1,868,559,309,
KECH,63,2258,1366,891,1,1552,895,656,1,706,471,235,
KECH,64,2520,1493,1027,,1723,992,731,,797,501,296,
KECH,65,2816,1691,1124,1,1953,1138,814,1,863,553,310,
KECH,66,1957,1182,773,2,1252,722,528,2,705,460,245,
KECH,67,1548,986,562,,1117,680,437,,431,306,125,
KECH,68,1657,928,729,,1133,625,508,,524,303,221,
KECH,69,1965,1165,800,,1314,764,550,,651,401,250,
KECH,70,2190,1337,852,1,1577,951,625,1,613,386,227,
KECH,71,1295,756,539,,899,504,395,,396,252,144,
KECH,72,1093,664,429,,761,454,307,,332,210,122,
KECH,73,811,482,329,,593,333,260,,218,149,69,
KECH,74,1138,720,418,,838,523,315,,300,197,103,
KECH,75 & ABOVE,7648,4892,2756,,5481,3441,2040,,2167,1451,716,
KHARAN,ALL AGES,260352,139695,120646,11,179546,95343,84198,5,80806,44352,36448,6
KHARAN,BELOW 1,7907,4205,3702,,6216,3290,2926,,1691,915,776,
KHARAN,01,10917,6105,4812,,7766,4297,3469,,3151,1808,1343,
KHARAN,02,13115,7468,5647,,9458,5324,4134,,3657,2144,1513,
KHARAN,03,13358,7420,5938,,9239,5141,4098,,4119,2279,1840,
KHARAN,04,14287,7923,6364,,9953,5438,4515,,4334,2485,1849,
KHARAN,05,10645,6005,4640,,7446,4143,3303,,3199,1862,1337,
KHARAN,06,9919,5475,4444,,7071,3906,3165,,2848,1569,1279,
KHARAN,07,9793,5455,4338,,6873,3791,3082,,2920,1664,1256,
KHARAN,08,9974,5236,4738,,7079,3704,3375,,2895,1532,1363,
KHARAN,09,7961,4756,3205,,5497,3268,2229,,2464,1488,976,
KHARAN,10,9155,5247,3908,,6537,3685,2852,,2618,1562,1056,
KHARAN,11,8082,4395,3687,,5640,3023,2617,,2442,1372,1070,
KHARAN,12,7725,4381,3344,,5511,3093,2418,,2214,1288,926,
KHARAN,13,6773,3728,3045,,4771,2591,2180,,2002,1137,865,
KHARAN,14,6715,3714,2999,2,4676,2521,2153,2,2039,1193,846,
KHARAN,15,6899,3804,3094,1,4690,2576,2113,1,2209,1228,981,
KHARAN,16,6164,3393,2770,1,4338,2362,1975,1,1826,1031,795,
KHARAN,17,7278,4020,3256,2,5391,2958,2433,,1887,1062,823,2
KHARAN,18,4605,2433,2171,1,3055,1558,1496,1,1550,875,675,
KHARAN,19,4427,2218,2209,,2855,1387,1468,,1572,831,741,
KHARAN,20,4060,2018,2042,,2655,1305,1350,,1405,713,692,
KHARAN,21,3890,1865,2025,,2546,1184,1362,,1344,681,663,
KHARAN,22,3821,1769,2050,2,2347,1043,1304,,1474,726,746,2
KHARAN,23,3187,1500,1687,,2101,963,1138,,1086,537,549,
KHARAN,24,3250,1447,1803,,2113,916,1197,,1137,531,606,
KHARAN,25,3411,1710,1700,1,2183,1070,1113,,1228,640,587,1
KHARAN,26,3026,1388,1638,,1953,892,1061,,1073,496,577,
KHARAN,27,2868,1422,1446,,1807,884,923,,1061,538,523,
KHARAN,28,2960,1395,1565,,1880,869,1011,,1080,526,554,
KHARAN,29,2623,1253,1370,,1664,800,864,,959,453,506,
KHARAN,30,2780,1318,1462,,1800,833,967,,980,485,495,
KHARAN,31,2360,1095,1265,,1514,691,823,,846,404,442,
KHARAN,32,2462,1127,1335,,1583,719,864,,879,408,471,
KHARAN,33,2262,1146,1116,,1380,682,698,,882,464,418,
KHARAN,34,2158,1022,1136,,1408,645,763,,750,377,373,
KHARAN,35,2389,1216,1173,,1608,814,794,,781,402,379,
KHARAN,36,2060,1004,1055,1,1350,628,722,,710,376,333,1
KHARAN,37,1910,990,920,,1299,671,628,,611,319,292,
KHARAN,38,2076,1032,1044,,1395,682,713,,681,350,331,
KHARAN,39,1742,843,899,,1158,562,596,,584,281,303,
KHARAN,40,2101,1047,1054,,1420,692,728,,681,355,326,
KHARAN,41,1609,829,780,,1061,534,527,,548,295,253,
KHARAN,42,1736,876,860,,1148,566,582,,588,310,278,
KHARAN,43,1310,728,582,,894,510,384,,416,218,198,
KHARAN,44,1435,746,689,,961,500,461,,474,246,228,
KHARAN,45,1491,786,705,,996,513,483,,495,273,222,
KHARAN,46,1295,711,584,,855,466,389,,440,245,195,
KHARAN,47,1133,619,514,,757,402,355,,376,217,159,
KHARAN,48,1151,599,552,,779,400,379,,372,199,173,
KHARAN,49,1042,521,521,,668,327,341,,374,194,180,
KHARAN,50,1254,623,631,,871,427,444,,383,196,187,
KHARAN,51,950,474,476,,635,325,310,,315,149,166,
KHARAN,52,961,501,460,,652,331,321,,309,170,139,
KHARAN,53,813,460,353,,528,293,235,,285,167,118,
KHARAN,54,865,436,429,,570,280,290,,295,156,139,
KHARAN,55,931,480,451,,613,306,307,,318,174,144,
KHARAN,56,754,377,377,,509,243,266,,245,134,111,
KHARAN,57,514,279,235,,328,183,145,,186,96,90,
KHARAN,58,661,372,289,,431,237,194,,230,135,95,
KHARAN,59,573,315,258,,368,206,162,,205,109,96,
KHARAN,60,827,437,390,,584,292,292,,243,145,98,
KHARAN,61,506,306,200,,334,203,131,,172,103,69,
KHARAN,62,532,329,203,,344,211,133,,188,118,70,
KHARAN,63,420,261,159,,282,179,103,,138,82,56,
KHARAN,64,433,240,193,,304,167,137,,129,73,56,
KHARAN,65,531,331,200,,382,232,150,,149,99,50,
KHARAN,66,361,202,159,,222,120,102,,139,82,57,
KHARAN,67,261,163,98,,160,96,64,,101,67,34,
KHARAN,68,271,158,113,,179,102,77,,92,56,36,
KHARAN,69,228,129,99,,163,88,75,,65,41,24,
KHARAN,70,456,263,193,,347,193,154,,109,70,39,
KHARAN,71,213,114,99,,152,76,76,,61,38,23,
KHARAN,72,216,132,84,,152,91,61,,64,41,23,
KHARAN,73,143,83,60,,94,58,36,,49,25,24,
KHARAN,74,189,109,80,,148,84,64,,41,25,16,
KHARAN,75 & ABOVE,1192,718,474,,849,501,348,,343,217,126,
KHUZDAR,ALL AGES,997214,537313,459867,34,632836,341182,291627,27,364378,196131,168240,7
KHUZDAR,BELOW 1,25988,13872,12116,,16296,8897,7399,,9692,4975,4717,
KHUZDAR,01,35236,19376,15860,,22407,12453,9954,,12829,6923,5906,
KHUZDAR,02,46270,25420,20850,,30152,16744,13408,,16118,8676,7442,
KHUZDAR,03,43634,23832,19802,,27234,14932,12302,,16400,8900,7500,
KHUZDAR,04,50857,28072,22785,,32808,18259,14549,,18049,9813,8236,
KHUZDAR,05,36919,20544,16375,,23713,13191,10522,,13206,7353,5853,
KHUZDAR,06,41101,22617,18484,,26750,14694,12056,,14351,7923,6428,
KHUZDAR,07,31115,17195,13920,,19461,10833,8628,,11654,6362,5292,
KHUZDAR,08,40297,21418,18879,,26469,14086,12383,,13828,7332,6496,
KHUZDAR,09,24194,14585,9609,,14747,8984,5763,,9447,5601,3846,
KHUZDAR,10,35529,20456,15073,,22944,13269,9675,,12585,7187,5398,
KHUZDAR,11,25725,14278,11447,,15712,8761,6951,,10013,5517,4496,
KHUZDAR,12,31788,18435,13353,,20035,11740,8295,,11753,6695,5058,
KHUZDAR,13,21749,12445,9304,,12836,7456,5380,,8913,4989,3924,
KHUZDAR,14,26097,14940,11154,3,15737,9018,6716,3,10360,5922,4438,
KHUZDAR,15,22544,13074,9468,2,13648,8014,5632,2,8896,5060,3836,
KHUZDAR,16,23588,13210,10374,4,13757,7719,6036,2,9831,5491,4338,2
KHUZDAR,17,19036,10458,8577,1,11485,6328,5156,1,7551,4130,3421,
KHUZDAR,18,23453,12544,10905,4,14416,7544,6870,2,9037,5000,4035,2
KHUZDAR,19,18339,9226,9112,1,10752,5266,5485,1,7587,3960,3627,
KHUZDAR,20,21740,11411,10323,6,13922,7172,6747,3,7818,4239,3576,3
KHUZDAR,21,15619,7548,8071,,9628,4580,5048,,5991,2968,3023,
KHUZDAR,22,17263,8604,8658,1,10710,5179,5530,1,6553,3425,3128,
KHUZDAR,23,13386,6748,6637,1,8376,4181,4194,1,5010,2567,2443,
KHUZDAR,24,13409,6615,6793,1,8273,4070,4202,1,5136,2545,2591,
KHUZDAR,25,15607,8346,7260,1,10387,5574,4812,1,5220,2772,2448,
KHUZDAR,26,13143,6508,6635,,8128,3946,4182,,5015,2562,2453,
KHUZDAR,27,11192,5681,5511,,7097,3611,3486,,4095,2070,2025,
KHUZDAR,28,13173,6319,6853,1,8543,4012,4530,1,4630,2307,2323,
KHUZDAR,29,11069,5480,5588,1,6850,3395,3454,1,4219,2085,2134,
KHUZDAR,30,13405,7040,6365,,8793,4539,4254,,4612,2501,2111,
KHUZDAR,31,9403,4184,5219,,5858,2537,3321,,3545,1647,1898,
KHUZDAR,32,9768,4542,5226,,6209,2857,3352,,3559,1685,1874,
KHUZDAR,33,8843,4141,4701,1,5628,2613,3014,1,3215,1528,1687,
KHUZDAR,34,8695,3988,4707,,5507,2517,2990,,3188,1471,1717,
KHUZDAR,35,11169,5894,5275,,7722,4128,3594,,3447,1766,1681,
KHUZDAR,36,8546,4196,4350,,5471,2682,2789,,3075,1514,1561,
KHUZDAR,37,7779,3924,3855,,5061,2584,2477,,2718,1340,1378,
KHUZDAR,38,9543,4573,4969,1,6036,2839,3196,1,3507,1734,1773,
KHUZDAR,39,7646,3760,3886,,4612,2227,2385,,3034,1533,1501,
KHUZDAR,40,10823,5642,5181,,7271,3764,3507,,3552,1878,1674,
KHUZDAR,41,6997,3575,3422,,4282,2206,2076,,2715,1369,1346,
KHUZDAR,42,6915,3427,3488,,4333,2145,2188,,2582,1282,1300,
KHUZDAR,43,6034,3241,2793,,3896,2167,1729,,2138,1074,1064,
KHUZDAR,44,6683,3523,3160,,4232,2211,2021,,2451,1312,1139,
KHUZDAR,45,7336,4150,3186,,4882,2753,2129,,2454,1397,1057,
KHUZDAR,46,5238,2836,2401,1,3218,1726,1491,1,2020,1110,910,
KHUZDAR,47,4360,2358,2002,,2830,1514,1316,,1530,844,686,
KHUZDAR,48,5013,2543,2470,,3329,1693,1636,,1684,850,834,
KHUZDAR,49,4206,2050,2156,,2593,1236,1357,,1613,814,799,
KHUZDAR,50,6255,3445,2810,,4462,2415,2047,,1793,1030,763,
KHUZDAR,51,4088,2160,1928,,2666,1406,1260,,1422,754,668,
KHUZDAR,52,3615,1914,1701,,2366,1250,1116,,1249,664,585,
KHUZDAR,53,3504,1879,1624,1,2426,1318,1107,1,1078,561,517,
KHUZDAR,54,3771,1987,1784,,2423,1264,1159,,1348,723,625,
KHUZDAR,55,4558,2379,2178,1,3142,1616,1525,1,1416,763,653,
KHUZDAR,56,3100,1637,1463,,1996,1033,963,,1104,604,500,
KHUZDAR,57,2150,1178,972,,1404,770,634,,746,408,338,
KHUZDAR,58,2721,1445,1276,,1840,970,870,,881,475,406,
KHUZDAR,59,2445,1353,1092,,1567,876,691,,878,477,401,
KHUZDAR,60,4436,2503,1933,,3218,1784,1434,,1218,719,499,
KHUZDAR,61,2017,1247,770,,1256,805,451,,761,442,319,
KHUZDAR,62,1966,1088,878,,1313,709,604,,653,379,274,
KHUZDAR,63,2060,1152,907,1,1429,796,632,1,631,356,275,
KHUZDAR,64,2134,1195,939,,1437,798,639,,697,397,300,
KHUZDAR,65,2846,1610,1236,,2104,1188,916,,742,422,320,
KHUZDAR,66,1518,826,692,,979,541,438,,539,285,254,
KHUZDAR,67,1200,714,486,,773,466,307,,427,248,179,
KHUZDAR,68,1441,718,723,,966,492,474,,475,226,249,
KHUZDAR,69,1225,660,565,,837,459,378,,388,201,187,
KHUZDAR,70,2543,1466,1077,,1949,1132,817,,594,334,260,
KHUZDAR,71,1017,533,484,,668,351,317,,349,182,167,
KHUZDAR,72,904,527,377,,613,359,254,,291,168,123,
KHUZDAR,73,921,536,385,,657,373,284,,264,163,101,
KHUZDAR,74,925,554,371,,651,388,263,,274,166,108,
KHUZDAR,75 & ABOVE,6392,3763,2628,1,4658,2777,1880,1,1734,986,748,
KILLA ABDULLAH,ALL AGES,361971,189172,172783,16,326587,169447,157126,14,35384,19725,15657,2
KILLA ABDULLAH,BELOW 1,6955,3642,3313,,6498,3392,3106,,457,250,207,
KILLA ABDULLAH,01,15954,8516,7438,,14669,7820,6849,,1285,696,589,
KILLA ABDULLAH,02,16779,8860,7919,,15355,8101,7254,,1424,759,665,
KILLA ABDULLAH,03,17567,9503,8064,,16142,8688,7454,,1425,815,610,
KILLA ABDULLAH,04,17207,9085,8122,,15819,8279,7540,,1388,806,582,
KILLA ABDULLAH,05,13552,7350,6202,,12146,6503,5643,,1406,847,559,
KILLA ABDULLAH,06,12720,6591,6129,,11461,5838,5623,,1259,753,506,
KILLA ABDULLAH,07,11560,6094,5466,,10426,5428,4998,,1134,666,468,
KILLA ABDULLAH,08,11539,5577,5962,,10403,4945,5458,,1136,632,504,
KILLA ABDULLAH,09,9810,5614,4196,,8635,4857,3778,,1175,757,418,
KILLA ABDULLAH,10,9656,5102,4554,,8736,4581,4155,,920,521,399,
KILLA ABDULLAH,11,9915,5173,4742,,8807,4530,4277,,1108,643,465,
KILLA ABDULLAH,12,8792,4683,4109,,7824,4105,3719,,968,578,390,
KILLA ABDULLAH,13,8583,4478,4105,,7672,3976,3696,,911,502,409,
KILLA ABDULLAH,14,8202,4372,3828,2,7339,3859,3478,2,863,513,350,
KILLA ABDULLAH,15,7582,4122,3456,4,6671,3596,3071,4,911,526,385,
KILLA ABDULLAH,16,8053,4286,3766,1,7162,3748,3413,1,891,538,353,
KILLA ABDULLAH,17,7278,3585,3692,1,6479,3145,3333,1,799,440,359,
KILLA ABDULLAH,18,8504,4216,4286,2,7602,3722,3878,2,902,494,408,
KILLA ABDULLAH,19,8771,4290,4480,1,7811,3733,4077,1,960,557,403,
KILLA ABDULLAH,20,8346,3867,4478,1,7399,3412,3986,1,947,455,492,
KILLA ABDULLAH,21,8346,4001,4344,1,7396,3526,3869,1,950,475,475,
KILLA ABDULLAH,22,7037,3385,3652,,6252,2969,3283,,785,416,369,
KILLA ABDULLAH,23,6607,3313,3293,1,5833,2893,2940,,774,420,353,1
KILLA ABDULLAH,24,6295,3256,3039,,5682,2904,2778,,613,352,261,
KILLA ABDULLAH,25,5426,2658,2767,1,4822,2363,2458,1,604,295,309,
KILLA ABDULLAH,26,5856,3030,2826,,5312,2737,2575,,544,293,251,
KILLA ABDULLAH,27,4997,2521,2476,,4500,2255,2245,,497,266,231,
KILLA ABDULLAH,28,4769,2454,2315,,4363,2252,2111,,406,202,204,
KILLA ABDULLAH,29,4584,2347,2237,,4191,2139,2052,,393,208,185,
KILLA ABDULLAH,30,4033,2012,2021,,3695,1848,1847,,338,164,174,
KILLA ABDULLAH,31,4224,2219,2005,,3838,2025,1813,,386,194,192,
KILLA ABDULLAH,32,3739,1911,1828,,3388,1722,1666,,351,189,162,
KILLA ABDULLAH,33,3856,1978,1878,,3583,1814,1769,,273,164,109,
KILLA ABDULLAH,34,3459,1764,1695,,3157,1600,1557,,302,164,138,
KILLA ABDULLAH,35,3127,1562,1565,,2859,1430,1429,,268,132,136,
KILLA ABDULLAH,36,3489,1805,1684,,3221,1669,1552,,268,136,132,
KILLA ABDULLAH,37,3409,1812,1597,,3092,1645,1447,,317,167,150,
KILLA ABDULLAH,38,3350,1754,1596,,3086,1619,1467,,264,135,129,
KILLA ABDULLAH,39,3199,1704,1495,,2922,1567,1355,,277,137,140,
KILLA ABDULLAH,40,2806,1437,1369,,2566,1322,1244,,240,115,125,
KILLA ABDULLAH,41,2853,1522,1330,1,2562,1381,1181,,291,141,149,1
KILLA ABDULLAH,42,2683,1418,1265,,2375,1240,1135,,308,178,130,
KILLA ABDULLAH,43,2780,1538,1242,,2496,1381,1115,,284,157,127,
KILLA ABDULLAH,44,2292,1247,1045,,2065,1111,954,,227,136,91,
KILLA ABDULLAH,45,1951,1056,895,,1775,959,816,,176,97,79,
KILLA ABDULLAH,46,1836,1026,810,,1652,907,745,,184,119,65,
KILLA ABDULLAH,47,1629,891,738,,1466,797,669,,163,94,69,
KILLA ABDULLAH,48,1774,938,836,,1621,864,757,,153,74,79,
KILLA ABDULLAH,49,1420,719,701,,1286,657,629,,134,62,72,
KILLA ABDULLAH,50,1443,742,701,,1305,682,623,,138,60,78,
KILLA ABDULLAH,51,1348,690,658,,1190,619,571,,158,71,87,
KILLA ABDULLAH,52,1254,672,582,,1089,592,497,,165,80,85,
KILLA ABDULLAH,53,1479,756,723,,1346,679,667,,133,77,56,
KILLA ABDULLAH,54,1236,662,574,,1089,585,504,,147,77,70,
KILLA ABDULLAH,55,1156,604,552,,1051,548,503,,105,56,49,
KILLA ABDULLAH,56,1097,636,461,,968,562,406,,129,74,55,
KILLA ABDULLAH,57,1057,638,419,,924,546,378,,133,92,41,
KILLA ABDULLAH,58,1099,616,483,,1002,559,443,,97,57,40,
KILLA ABDULLAH,59,915,551,364,,828,497,331,,87,54,33,
KILLA ABDULLAH,60,1009,570,439,,922,519,403,,87,51,36,
KILLA ABDULLAH,61,715,437,278,,656,408,248,,59,29,30,
KILLA ABDULLAH,62,676,376,300,,598,333,265,,78,43,35,
KILLA ABDULLAH,63,813,389,424,,744,353,391,,69,36,33,
KILLA ABDULLAH,64,678,393,285,,609,347,262,,69,46,23,
KILLA ABDULLAH,65,785,463,322,,722,431,291,,63,32,31,
KILLA ABDULLAH,66,528,304,224,,469,269,200,,59,35,24,
KILLA ABDULLAH,67,499,306,193,,451,272,179,,48,34,14,
KILLA ABDULLAH,68,516,284,232,,478,268,210,,38,16,22,
KILLA ABDULLAH,69,505,289,216,,463,271,192,,42,18,24,
KILLA ABDULLAH,70,610,352,258,,555,322,233,,55,30,25,
KILLA ABDULLAH,71,397,222,175,,366,208,158,,31,14,17,
KILLA ABDULLAH,72,378,217,161,,325,193,132,,53,24,29,
KILLA ABDULLAH,73,376,213,163,,346,194,152,,30,19,11,
KILLA ABDULLAH,74,326,208,118,,292,186,106,,34,22,12,
KILLA ABDULLAH,75 & ABOVE,1925,1298,627,,1687,1150,537,,238,148,90,
KILLA SAIFULLAH,ALL AGES,380200,199074,181125,1,316025,166447,149577,1,64175,32627,31548,
KILLA SAIFULLAH,BELOW 1,10578,5577,5001,,9018,4780,4238,,1560,797,763,
KILLA SAIFULLAH,01,16370,8831,7539,,13595,7368,6227,,2775,1463,1312,
KILLA SAIFULLAH,02,18689,9995,8694,,15778,8496,7282,,2911,1499,1412,
KILLA SAIFULLAH,03,19742,10532,9210,,16544,8855,7689,,3198,1677,1521,
KILLA SAIFULLAH,04,19434,10334,9100,,16497,8837,7660,,2937,1497,1440,
KILLA SAIFULLAH,05,15451,8201,7250,,13044,7005,6039,,2407,1196,1211,
KILLA SAIFULLAH,06,14870,7937,6933,,12702,6844,5858,,2168,1093,1075,
KILLA SAIFULLAH,07,13618,7267,6351,,11553,6226,5327,,2065,1041,1024,
KILLA SAIFULLAH,08,13724,6993,6731,,11655,5988,5667,,2069,1005,1064,
KILLA SAIFULLAH,09,11143,6375,4768,,9414,5438,3976,,1729,937,792,
KILLA SAIFULLAH,10,11550,6341,5209,,9814,5429,4385,,1736,912,824,
KILLA SAIFULLAH,11,10906,5916,4990,,9175,5005,4170,,1731,911,820,
KILLA SAIFULLAH,12,10044,5438,4606,,8418,4604,3814,,1626,834,792,
KILLA SAIFULLAH,13,9480,5204,4276,,7931,4379,3552,,1549,825,724,
KILLA SAIFULLAH,14,8597,4514,4082,1,7162,3797,3364,1,1435,717,718,
KILLA SAIFULLAH,15,8399,4517,3882,,7013,3775,3238,,1386,742,644,
KILLA SAIFULLAH,16,8469,4437,4032,,7070,3692,3378,,1399,745,654,
KILLA SAIFULLAH,17,7237,3756,3481,,6069,3132,2937,,1168,624,544,
KILLA SAIFULLAH,18,7508,3841,3667,,6132,3128,3004,,1376,713,663,
KILLA SAIFULLAH,19,7161,3496,3665,,5735,2790,2945,,1426,706,720,
KILLA SAIFULLAH,20,7039,3319,3720,,5647,2679,2968,,1392,640,752,
KILLA SAIFULLAH,21,6406,3030,3376,,5133,2446,2687,,1273,584,689,
KILLA SAIFULLAH,22,5887,2732,3155,,4645,2171,2474,,1242,561,681,
KILLA SAIFULLAH,23,5887,2806,3081,,4652,2257,2395,,1235,549,686,
KILLA SAIFULLAH,24,5374,2553,2821,,4370,2072,2298,,1004,481,523,
KILLA SAIFULLAH,25,5161,2519,2642,,4169,2060,2109,,992,459,533,
KILLA SAIFULLAH,26,4907,2379,2528,,3956,1921,2035,,951,458,493,
KILLA SAIFULLAH,27,4465,2286,2179,,3657,1896,1761,,808,390,418,
KILLA SAIFULLAH,28,4474,2293,2181,,3592,1844,1748,,882,449,433,
KILLA SAIFULLAH,29,4192,1994,2198,,3411,1636,1775,,781,358,423,
KILLA SAIFULLAH,30,4048,2011,2037,,3340,1658,1682,,708,353,355,
KILLA SAIFULLAH,31,3705,1835,1870,,3041,1517,1524,,664,318,346,
KILLA SAIFULLAH,32,3967,1860,2107,,3133,1475,1658,,834,385,449,
KILLA SAIFULLAH,33,3765,1851,1914,,3070,1514,1556,,695,337,358,
KILLA SAIFULLAH,34,3596,1735,1861,,2943,1421,1522,,653,314,339,
KILLA SAIFULLAH,35,3399,1678,1721,,2836,1394,1442,,563,284,279,
KILLA SAIFULLAH,36,3419,1627,1792,,2806,1352,1454,,613,275,338,
KILLA SAIFULLAH,37,3350,1714,1636,,2790,1439,1351,,560,275,285,
KILLA SAIFULLAH,38,3381,1711,1670,,2763,1421,1342,,618,290,328,
KILLA SAIFULLAH,39,2848,1432,1416,,2383,1206,1177,,465,226,239,
KILLA SAIFULLAH,40,3090,1585,1505,,2536,1302,1234,,554,283,271,
KILLA SAIFULLAH,41,2709,1410,1299,,2244,1170,1074,,465,240,225,
KILLA SAIFULLAH,42,2619,1391,1228,,2055,1100,955,,564,291,273,
KILLA SAIFULLAH,43,2660,1451,1209,,2224,1206,1018,,436,245,191,
KILLA SAIFULLAH,44,2333,1266,1067,,1880,1029,851,,453,237,216,
KILLA SAIFULLAH,45,2027,1089,938,,1628,856,772,,399,233,166,
KILLA SAIFULLAH,46,1826,975,851,,1444,771,673,,382,204,178,
KILLA SAIFULLAH,47,1770,954,816,,1446,768,678,,324,186,138,
KILLA SAIFULLAH,48,1711,885,826,,1414,726,688,,297,159,138,
KILLA SAIFULLAH,49,1322,649,673,,1082,526,556,,240,123,117,
KILLA SAIFULLAH,50,1717,912,805,,1417,757,660,,300,155,145,
KILLA SAIFULLAH,51,1494,804,690,,1226,653,573,,268,151,117,
KILLA SAIFULLAH,52,1407,742,665,,1111,570,541,,296,172,124,
KILLA SAIFULLAH,53,1610,818,792,,1334,681,653,,276,137,139,
KILLA SAIFULLAH,54,1287,691,596,,1050,572,478,,237,119,118,
KILLA SAIFULLAH,55,1286,642,644,,1070,535,535,,216,107,109,
KILLA SAIFULLAH,56,1107,624,483,,872,486,386,,235,138,97,
KILLA SAIFULLAH,57,930,556,374,,764,450,314,,166,106,60,
KILLA SAIFULLAH,58,1111,640,471,,915,529,386,,196,111,85,
KILLA SAIFULLAH,59,982,586,396,,804,483,321,,178,103,75,
KILLA SAIFULLAH,60,1247,695,552,,1043,586,457,,204,109,95,
KILLA SAIFULLAH,61,805,504,301,,651,411,240,,154,93,61,
KILLA SAIFULLAH,62,808,452,356,,630,351,279,,178,101,77,
KILLA SAIFULLAH,63,906,495,411,,752,403,349,,154,92,62,
KILLA SAIFULLAH,64,792,467,325,,648,378,270,,144,89,55,
KILLA SAIFULLAH,65,910,524,386,,760,442,318,,150,82,68,
KILLA SAIFULLAH,66,623,358,265,,507,301,206,,116,57,59,
KILLA SAIFULLAH,67,558,346,212,,460,287,173,,98,59,39,
KILLA SAIFULLAH,68,526,243,283,,437,205,232,,89,38,51,
KILLA SAIFULLAH,69,501,272,229,,442,240,202,,59,32,27,
KILLA SAIFULLAH,70,783,461,322,,667,388,279,,116,73,43,
KILLA SAIFULLAH,71,459,229,230,,403,203,200,,56,26,30,
KILLA SAIFULLAH,72,420,254,166,,339,209,130,,81,45,36,
KILLA SAIFULLAH,73,419,206,213,,352,170,182,,67,36,31,
KILLA SAIFULLAH,74,406,252,154,,337,205,132,,69,47,22,
KILLA SAIFULLAH,75 & ABOVE,2799,1779,1020,,2425,1551,874,,374,228,146,
KOHLU,ALL AGES,260220,136243,123961,16,241242,127186,114040,16,18978,9057,9921,
KOHLU,BELOW 1,6352,3192,3160,,5935,2989,2946,,417,203,214,
KOHLU,01,8408,4207,4201,,7739,3888,3851,,669,319,350,
KOHLU,02,10786,5530,5256,,9983,5165,4818,,803,365,438,
KOHLU,03,11676,6010,5666,,10888,5637,5251,,788,373,415,
KOHLU,04,12019,6362,5657,,11056,5878,5178,,963,484,479,
KOHLU,05,9878,5118,4760,,9222,4804,4418,,656,314,342,
KOHLU,06,10813,5599,5214,,10107,5261,4846,,706,338,368,
KOHLU,07,8917,4669,4248,,8219,4354,3865,,698,315,383,
KOHLU,08,9653,4695,4958,,8938,4403,4535,,715,292,423,
KOHLU,09,8176,4509,3667,,7675,4245,3430,,501,264,237,
KOHLU,10,8487,4218,4269,,7891,3944,3947,,596,274,322,
KOHLU,11,8119,4369,3750,,7565,4103,3462,,554,266,288,
KOHLU,12,7943,4166,3777,,7375,3893,3482,,568,273,295,
KOHLU,13,6768,3657,3111,,6289,3444,2845,,479,213,266,
KOHLU,14,6422,3459,2960,3,5945,3243,2699,3,477,216,261,
KOHLU,15,6298,3344,2951,3,5902,3182,2717,3,396,162,234,
KOHLU,16,5963,3273,2690,,5538,3073,2465,,425,200,225,
KOHLU,17,4996,2671,2324,1,4562,2461,2100,1,434,210,224,
KOHLU,18,5679,2893,2786,,5264,2701,2563,,415,192,223,
KOHLU,19,5350,2914,2435,1,4998,2748,2249,1,352,166,186,
KOHLU,20,5392,2819,2573,,5023,2668,2355,,369,151,218,
KOHLU,21,4424,2239,2185,,4119,2099,2020,,305,140,165,
KOHLU,22,4281,2087,2194,,3930,1957,1973,,351,130,221,
KOHLU,23,3868,1927,1940,1,3567,1793,1773,1,301,134,167,
KOHLU,24,3252,1711,1541,,2953,1553,1400,,299,158,141,
KOHLU,25,3632,1910,1720,2,3393,1802,1589,2,239,108,131,
KOHLU,26,3276,1618,1657,1,3016,1494,1521,1,260,124,136,
KOHLU,27,2760,1446,1314,,2526,1333,1193,,234,113,121,
KOHLU,28,2910,1447,1461,2,2692,1353,1337,2,218,94,124,
KOHLU,29,2839,1401,1437,1,2624,1301,1322,1,215,100,115,
KOHLU,30,3297,1716,1581,,3071,1605,1466,,226,111,115,
KOHLU,31,2512,1167,1345,,2313,1071,1242,,199,96,103,
KOHLU,32,2398,1192,1206,,2200,1087,1113,,198,105,93,
KOHLU,33,2463,1173,1290,,2244,1069,1175,,219,104,115,
KOHLU,34,2175,1062,1113,,1990,970,1020,,185,92,93,
KOHLU,35,2384,1267,1117,,2220,1196,1024,,164,71,93,
KOHLU,36,2691,1430,1261,,2527,1353,1174,,164,77,87,
KOHLU,37,1874,939,935,,1716,864,852,,158,75,83,
KOHLU,38,2172,1080,1092,,1997,985,1012,,175,95,80,
KOHLU,39,2159,1127,1032,,2003,1034,969,,156,93,63,
KOHLU,40,2522,1316,1205,1,2350,1227,1122,1,172,89,83,
KOHLU,41,2013,1036,977,,1886,957,929,,127,79,48,
KOHLU,42,2024,1043,981,,1838,944,894,,186,99,87,
KOHLU,43,1654,864,790,,1495,776,719,,159,88,71,
KOHLU,44,1811,932,879,,1662,854,808,,149,78,71,
KOHLU,45,1863,1006,857,,1757,952,805,,106,54,52,
KOHLU,46,1675,851,824,,1564,790,774,,111,61,50,
KOHLU,47,1419,795,624,,1329,741,588,,90,54,36,
KOHLU,48,1392,761,631,,1292,714,578,,100,47,53,
KOHLU,49,1335,669,666,,1258,632,626,,77,37,40,
KOHLU,50,1602,923,679,,1521,884,637,,81,39,42,
KOHLU,51,1133,615,518,,1066,583,483,,67,32,35,
KOHLU,52,1133,641,492,,1032,592,440,,101,49,52,
KOHLU,53,976,546,430,,885,504,381,,91,42,49,
KOHLU,54,959,546,413,,873,497,376,,86,49,37,
KOHLU,55,1083,608,475,,1024,574,450,,59,34,25,
KOHLU,56,1093,679,414,,1018,630,388,,75,49,26,
KOHLU,57,635,372,263,,580,345,235,,55,27,28,
KOHLU,58,781,439,342,,701,395,306,,80,44,36,
KOHLU,59,705,435,270,,650,399,251,,55,36,19,
KOHLU,60,1165,717,448,,1098,681,417,,67,36,31,
KOHLU,61,595,391,204,,555,368,187,,40,23,17,
KOHLU,62,573,353,220,,514,322,192,,59,31,28,
KOHLU,63,673,385,288,,612,361,251,,61,24,37,
KOHLU,64,595,372,223,,547,350,197,,48,22,26,
KOHLU,65,647,426,221,,597,399,198,,50,27,23,
KOHLU,66,511,307,204,,472,285,187,,39,22,17,
KOHLU,67,308,211,97,,272,190,82,,36,21,15,
KOHLU,68,304,171,133,,276,161,115,,28,10,18,
KOHLU,69,307,197,110,,277,180,97,,30,17,13,
KOHLU,70,526,312,214,,485,289,196,,41,23,18,
KOHLU,71,262,157,105,,239,145,94,,23,12,11,
KOHLU,72,218,132,86,,192,122,70,,26,10,16,
KOHLU,73,224,105,119,,192,91,101,,32,14,18,
KOHLU,74,214,132,82,,192,118,74,,22,14,8,
KOHLU,75 & ABOVE,1828,1185,643,,1726,1131,595,,102,54,48,
LASBELA,ALL AGES,680816,348763,332028,25,350231,178715,171503,13,330585,170048,160525,12
LASBELA,BELOW 1,12660,6341,6319,,7226,3604,3622,,5434,2737,2697,
LASBELA,01,19328,9771,9557,,10782,5346,5436,,8546,4425,4121,
LASBELA,02,22445,11266,11179,,12563,6280,6283,,9882,4986,4896,
LASBELA,03,24405,12296,12109,,13317,6722,6595,,11088,5574,5514,
LASBELA,04,26569,13521,13048,,14622,7421,7201,,11947,6100,5847,
LASBELA,05,21992,11147,10845,,12041,6140,5901,,9951,5007,4944,
LASBELA,06,21873,10911,10962,,12123,6088,6035,,9750,4823,4927,
LASBELA,07,21176,10754,10422,,10782,5477,5305,,10394,5277,5117,
LASBELA,08,22225,10605,11620,,12222,5842,6380,,10003,4763,5240,
LASBELA,09,16365,9056,7309,,8215,4518,3697,,8150,4538,3612,
LASBELA,10,19737,9915,9822,,10737,5367,5370,,9000,4548,4452,
LASBELA,11,17496,8801,8695,,8886,4467,4419,,8610,4334,4276,
LASBELA,12,19015,9905,9110,,10038,5184,4854,,8977,4721,4256,
LASBELA,13,16590,8613,7977,,8407,4370,4037,,8183,4243,3940,
LASBELA,14,16537,8434,8098,5,8610,4406,4199,5,7927,4028,3899,
LASBELA,15,15121,7740,7380,1,7745,4024,3720,1,7376,3716,3660,
LASBELA,16,15280,7973,7306,1,7763,4069,3693,1,7517,3904,3613,
LASBELA,17,12818,6668,6150,,6152,3200,2952,,6666,3468,3198,
LASBELA,18,13620,7101,6519,,6654,3467,3187,,6966,3634,3332,
LASBELA,19,12485,6617,5868,,5651,2974,2677,,6834,3643,3191,
LASBELA,20,13389,6855,6533,1,6432,3279,3153,,6957,3576,3380,1
LASBELA,21,12157,6376,5781,,5293,2635,2658,,6864,3741,3123,
LASBELA,22,11888,5766,6121,1,5728,2773,2955,,6160,2993,3166,1
LASBELA,23,10565,5192,5373,,4811,2376,2435,,5754,2816,2938,
LASBELA,24,11214,5638,5575,1,5457,2685,2771,1,5757,2953,2804,
LASBELA,25,9948,4843,5104,1,4820,2384,2436,,5128,2459,2668,1
LASBELA,26,10894,5661,5233,,5223,2767,2456,,5671,2894,2777,
LASBELA,27,10026,5227,4799,,4929,2661,2268,,5097,2566,2531,
LASBELA,28,9066,4508,4557,1,4394,2196,2197,1,4672,2312,2360,
LASBELA,29,8444,4206,4238,,4040,2008,2032,,4404,2198,2206,
LASBELA,30,7613,3802,3811,,3734,1855,1879,,3879,1947,1932,
LASBELA,31,8377,4087,4290,,4025,1919,2106,,4352,2168,2184,
LASBELA,32,9023,4381,4642,,4388,2112,2276,,4635,2269,2366,
LASBELA,33,8410,4025,4385,,4173,2001,2172,,4237,2024,2213,
LASBELA,34,8839,4425,4414,,4286,2099,2187,,4553,2326,2227,
LASBELA,35,7149,3744,3405,,3456,1807,1649,,3693,1937,1756,
LASBELA,36,7828,3964,3864,,3690,1810,1880,,4138,2154,1984,
LASBELA,37,7991,4199,3792,,3861,2002,1859,,4130,2197,1933,
LASBELA,38,7149,3725,3423,1,3461,1736,1725,,3688,1989,1698,1
LASBELA,39,7147,3632,3515,,3430,1727,1703,,3717,1905,1812,
LASBELA,40,6522,3532,2989,1,3365,1788,1577,,3157,1744,1412,1
LASBELA,41,7124,3648,3476,,3538,1799,1739,,3586,1849,1737,
LASBELA,42,7024,3659,3365,,3561,1799,1762,,3463,1860,1603,
LASBELA,43,7241,3834,3407,,3578,1898,1680,,3663,1936,1727,
LASBELA,44,6199,3322,2877,,3184,1695,1489,,3015,1627,1388,
LASBELA,45,4804,2572,2230,2,2379,1283,1095,1,2425,1289,1135,1
LASBELA,46,5135,2731,2404,,2564,1329,1235,,2571,1402,1169,
LASBELA,47,5143,2741,2402,,2662,1417,1245,,2481,1324,1157,
LASBELA,48,4900,2672,2228,,2512,1355,1157,,2388,1317,1071,
LASBELA,49,4359,2318,2041,,2191,1137,1054,,2168,1181,987,
LASBELA,50,3772,2102,1666,4,2041,1137,903,1,1731,965,763,3
LASBELA,51,4455,2289,2166,,2338,1165,1173,,2117,1124,993,
LASBELA,52,4622,2386,2235,1,2414,1229,1185,,2208,1157,1050,1
LASBELA,53,4358,2179,2177,2,2174,1063,1110,1,2184,1116,1067,1
LASBELA,54,3883,2016,1867,,2061,1048,1013,,1822,968,854,
LASBELA,55,3109,1631,1478,,1618,826,792,,1491,805,686,
LASBELA,56,3398,1888,1510,,1845,1016,829,,1553,872,681,
LASBELA,57,3383,1872,1511,,1783,1017,766,,1600,855,745,
LASBELA,58,2843,1623,1220,,1501,849,652,,1342,774,568,
LASBELA,59,2834,1619,1215,,1483,847,636,,1351,772,579,
LASBELA,60,2356,1286,1069,1,1306,707,598,1,1050,579,471,
LASBELA,61,2232,1310,922,,1133,670,463,,1099,640,459,
LASBELA,62,2128,1134,994,,1120,591,529,,1008,543,465,
LASBELA,63,2102,1071,1031,,1065,532,533,,1037,539,498,
LASBELA,64,2045,1109,936,,1094,580,514,,951,529,422,
LASBELA,65,1883,1070,813,,1005,578,427,,878,492,386,
LASBELA,66,1754,923,831,,961,510,451,,793,413,380,
LASBELA,67,1680,927,753,,936,525,411,,744,402,342,
LASBELA,68,1466,730,736,,789,402,387,,677,328,349,
LASBELA,69,1380,700,680,,773,393,380,,607,307,300,
LASBELA,70,1544,846,697,1,905,481,424,,639,365,273,1
LASBELA,71,1342,701,641,,748,412,336,,594,289,305,
LASBELA,72,1334,731,603,,817,450,367,,517,281,236,
LASBELA,73,917,462,455,,492,249,243,,425,213,212,
LASBELA,74,1044,570,474,,621,339,282,,423,231,192,
LASBELA,75 & ABOVE,5647,2868,2779,,3507,1801,1706,,2140,1067,1073,
LORALAI,ALL AGES,269364,141301,128046,17,211978,111343,100619,16,57386,29958,27427,1
LORALAI,BELOW 1,6714,3478,3236,,5365,2825,2540,,1349,653,696,
LORALAI,01,10165,5377,4788,,8176,4370,3806,,1989,1007,982,
LORALAI,02,11694,6011,5683,,9440,4882,4558,,2254,1129,1125,
LORALAI,03,12836,6625,6211,,10298,5391,4907,,2538,1234,1304,
LORALAI,04,13186,6860,6326,,10513,5535,4978,,2673,1325,1348,
LORALAI,05,10198,5261,4937,,8369,4354,4015,,1829,907,922,
LORALAI,06,9741,4966,4775,,7880,4012,3868,,1861,954,907,
LORALAI,07,9638,5118,4520,,7854,4175,3679,,1784,943,841,
LORALAI,08,9470,4676,4794,,7784,3856,3928,,1686,820,866,
LORALAI,09,7765,4482,3283,,6255,3611,2644,,1510,871,639,
LORALAI,10,7843,4130,3713,,6428,3405,3023,,1415,725,690,
LORALAI,11,7741,4186,3555,,6130,3341,2789,,1611,845,766,
LORALAI,12,7631,4168,3463,,6141,3332,2809,,1490,836,654,
LORALAI,13,7124,3868,3256,,5612,3053,2559,,1512,815,697,
LORALAI,14,6521,3456,3065,,5076,2679,2397,,1445,777,668,
LORALAI,15,6636,3575,3061,,5254,2854,2400,,1382,721,661,
LORALAI,16,6340,3465,2871,4,4980,2693,2283,4,1360,772,588,
LORALAI,17,5370,2854,2515,1,4098,2160,1937,1,1272,694,578,
LORALAI,18,5668,3035,2632,1,4462,2396,2065,1,1206,639,567,
LORALAI,19,5017,2699,2315,3,3789,2015,1772,2,1228,684,543,1
LORALAI,20,4996,2568,2428,,3776,1919,1857,,1220,649,571,
LORALAI,21,4577,2440,2137,,3343,1751,1592,,1234,689,545,
LORALAI,22,4729,2375,2354,,3633,1846,1787,,1096,529,567,
LORALAI,23,4115,2109,2006,,3139,1615,1524,,976,494,482,
LORALAI,24,3791,1960,1831,,2870,1466,1404,,921,494,427,
LORALAI,25,3952,1965,1985,2,3139,1572,1565,2,813,393,420,
LORALAI,26,3619,1864,1755,,2672,1366,1306,,947,498,449,
LORALAI,27,3228,1685,1543,,2413,1248,1165,,815,437,378,
LORALAI,28,3300,1717,1583,,2511,1302,1209,,789,415,374,
LORALAI,29,2858,1438,1420,,2103,1044,1059,,755,394,361,
LORALAI,30,2812,1342,1470,,2226,1061,1165,,586,281,305,
LORALAI,31,2801,1262,1539,,2128,930,1198,,673,332,341,
LORALAI,32,2843,1344,1499,,2150,1000,1150,,693,344,349,
LORALAI,33,2689,1353,1336,,2055,1033,1022,,634,320,314,
LORALAI,34,2439,1213,1226,,1853,903,950,,586,310,276,
LORALAI,35,2475,1284,1191,,1954,1021,933,,521,263,258,
LORALAI,36,2379,1222,1155,2,1852,956,894,2,527,266,261,
LORALAI,37,2424,1241,1182,1,1847,934,912,1,577,307,270,
LORALAI,38,2168,1121,1047,,1700,881,819,,468,240,228,
LORALAI,39,2008,1076,932,,1554,834,720,,454,242,212,
LORALAI,40,2306,1193,1113,,1815,938,877,,491,255,236,
LORALAI,41,1830,953,877,,1359,708,651,,471,245,226,
LORALAI,42,2111,1073,1038,,1570,795,775,,541,278,263,
LORALAI,43,1834,979,855,,1445,767,678,,389,212,177,
LORALAI,44,1848,1007,841,,1376,765,611,,472,242,230,
LORALAI,45,1767,983,783,1,1393,795,597,1,374,188,186,
LORALAI,46,1394,709,685,,1052,532,520,,342,177,165,
LORALAI,47,1455,764,691,,1123,583,540,,332,181,151,
LORALAI,48,1361,710,651,,1035,532,503,,326,178,148,
LORALAI,49,1153,556,597,,878,429,449,,275,127,148,
LORALAI,50,1460,791,669,,1129,615,514,,331,176,155,
LORALAI,51,1166,602,564,,876,455,421,,290,147,143,
LORALAI,52,1354,728,626,,1010,538,472,,344,190,154,
LORALAI,53,1359,705,654,,1041,522,519,,318,183,135,
LORALAI,54,1083,595,488,,789,422,367,,294,173,121,
LORALAI,55,1113,571,542,,900,454,446,,213,117,96,
LORALAI,56,1025,592,432,1,768,444,323,1,257,148,109,
LORALAI,57,876,494,382,,665,386,279,,211,108,103,
LORALAI,58,880,501,379,,677,384,293,,203,117,86,
LORALAI,59,790,475,315,,611,354,257,,179,121,58,
LORALAI,60,970,546,424,,781,442,339,,189,104,85,
LORALAI,61,626,413,213,,486,321,165,,140,92,48,
LORALAI,62,697,369,328,,528,273,255,,169,96,73,
LORALAI,63,648,320,328,,504,243,261,,144,77,67,
LORALAI,64,643,383,260,,502,290,212,,141,93,48,
LORALAI,65,688,417,271,,547,338,209,,141,79,62,
LORALAI,66,492,298,193,1,378,235,142,1,114,63,51,
LORALAI,67,403,245,158,,304,190,114,,99,55,44,
LORALAI,68,404,197,207,,312,149,163,,92,48,44,
LORALAI,69,382,206,176,,307,164,143,,75,42,33,
LORALAI,70,618,315,303,,503,262,241,,115,53,62,
LORALAI,71,346,189,157,,271,149,122,,75,40,35,
LORALAI,72,316,185,131,,243,137,106,,73,48,25,
LORALAI,73,345,165,180,,266,124,142,,79,41,38,
LORALAI,74,309,182,127,,253,147,106,,56,35,21,
LORALAI,75 & ABOVE,1811,1021,790,,1459,840,619,,352,181,171,
MASTUNG,ALL AGES,312378,166251,146124,3,272115,144946,127166,3,40263,21305,18958,
MASTUNG,BELOW 1,6805,3615,3190,,5967,3159,2808,,838,456,382,
MASTUNG,01,10692,5684,5008,,9344,4960,4384,,1348,724,624,
MASTUNG,02,13211,7087,6124,,11660,6256,5404,,1551,831,720,
MASTUNG,03,13363,7092,6271,,11570,6136,5434,,1793,956,837,
MASTUNG,04,14317,7836,6481,,12417,6771,5646,,1900,1065,835,
MASTUNG,05,10826,5802,5024,,9721,5223,4498,,1105,579,526,
MASTUNG,06,11162,5986,5176,,10024,5404,4620,,1138,582,556,
MASTUNG,07,10264,5539,4725,,9222,4970,4252,,1042,569,473,
MASTUNG,08,11317,5836,5481,,10194,5261,4933,,1123,575,548,
MASTUNG,09,7582,4391,3191,,6789,3951,2838,,793,440,353,
MASTUNG,10,10059,5648,4411,,8980,5026,3954,,1079,622,457,
MASTUNG,11,7984,4201,3783,,7020,3694,3326,,964,507,457,
MASTUNG,12,9334,5196,4138,,8297,4644,3653,,1037,552,485,
MASTUNG,13,7406,4086,3320,,6527,3620,2907,,879,466,413,
MASTUNG,14,8127,4428,3699,,7099,3873,3226,,1028,555,473,
MASTUNG,15,7392,4090,3300,2,6469,3624,2843,2,923,466,457,
MASTUNG,16,7654,4272,3382,,6730,3760,2970,,924,512,412,
MASTUNG,17,6216,3444,2772,,5265,2922,2343,,951,522,429,
MASTUNG,18,6935,3932,3003,,5985,3366,2619,,950,566,384,
MASTUNG,19,5505,3022,2483,,4661,2546,2115,,844,476,368,
MASTUNG,20,6452,3377,3075,,5640,2936,2704,,812,441,371,
MASTUNG,21,4877,2550,2327,,4160,2176,1984,,717,374,343,
MASTUNG,22,5365,2728,2637,,4623,2364,2259,,742,364,378,
MASTUNG,23,4493,2317,2176,,3973,2031,1942,,520,286,234,
MASTUNG,24,4545,2328,2217,,3894,1999,1895,,651,329,322,
MASTUNG,25,4718,2451,2267,,4180,2161,2019,,538,290,248,
MASTUNG,26,4173,2055,2118,,3589,1773,1816,,584,282,302,
MASTUNG,27,3953,1989,1964,,3351,1691,1660,,602,298,304,
MASTUNG,28,4001,2003,1998,,3359,1691,1668,,642,312,330,
MASTUNG,29,3248,1622,1626,,2774,1392,1382,,474,230,244,
MASTUNG,30,4136,2011,2125,,3557,1728,1829,,579,283,296,
MASTUNG,31,3120,1414,1706,,2667,1199,1468,,453,215,238,
MASTUNG,32,3539,1640,1899,,3043,1409,1634,,496,231,265,
MASTUNG,33,3137,1568,1569,,2720,1369,1351,,417,199,218,
MASTUNG,34,3293,1587,1706,,2825,1353,1472,,468,234,234,
MASTUNG,35,3518,1804,1714,,3049,1555,1494,,469,249,220,
MASTUNG,36,2878,1364,1514,,2460,1176,1284,,418,188,230,
MASTUNG,37,2958,1515,1443,,2550,1314,1236,,408,201,207,
MASTUNG,38,2994,1498,1496,,2542,1266,1276,,452,232,220,
MASTUNG,39,2630,1359,1271,,2257,1161,1096,,373,198,175,
MASTUNG,40,3417,1787,1630,,2977,1566,1411,,440,221,219,
MASTUNG,41,2494,1332,1162,,2120,1139,981,,374,193,181,
MASTUNG,42,2854,1439,1415,,2451,1230,1221,,403,209,194,
MASTUNG,43,2290,1252,1038,,1966,1081,885,,324,171,153,
MASTUNG,44,2398,1289,1109,,2037,1090,947,,361,199,162,
MASTUNG,45,2371,1300,1071,,2044,1120,924,,327,180,147,
MASTUNG,46,1867,1003,864,,1555,832,723,,312,171,141,
MASTUNG,47,1944,968,976,,1639,813,826,,305,155,150,
MASTUNG,48,1708,923,785,,1436,783,653,,272,140,132,
MASTUNG,49,1471,750,721,,1239,645,594,,232,105,127,
MASTUNG,50,1992,1005,987,,1705,865,840,,287,140,147,
MASTUNG,51,1498,788,710,,1263,667,596,,235,121,114,
MASTUNG,52,1722,867,855,,1457,730,727,,265,137,128,
MASTUNG,53,1533,876,657,,1311,751,560,,222,125,97,
MASTUNG,54,1489,776,713,,1221,630,591,,268,146,122,
MASTUNG,55,1499,759,740,,1278,650,628,,221,109,112,
MASTUNG,56,1142,597,544,1,959,515,443,1,183,82,101,
MASTUNG,57,996,553,443,,832,456,376,,164,97,67,
MASTUNG,58,953,536,417,,781,434,347,,172,102,70,
MASTUNG,59,950,554,396,,778,450,328,,172,104,68,
MASTUNG,60,1389,755,634,,1208,653,555,,181,102,79,
MASTUNG,61,764,478,286,,617,386,231,,147,92,55,
MASTUNG,62,908,488,420,,759,403,356,,149,85,64,
MASTUNG,63,765,427,338,,651,364,287,,114,63,51,
MASTUNG,64,817,444,373,,690,374,316,,127,70,57,
MASTUNG,65,914,514,400,,781,432,349,,133,82,51,
MASTUNG,66,581,304,277,,494,264,230,,87,40,47,
MASTUNG,67,527,317,210,,447,267,180,,80,50,30,
MASTUNG,68,521,269,252,,441,231,210,,80,38,42,
MASTUNG,69,396,219,177,,330,182,148,,66,37,29,
MASTUNG,70,764,436,328,,672,387,285,,92,49,43,
MASTUNG,71,381,210,171,,333,183,150,,48,27,21,
MASTUNG,72,402,230,172,,339,192,147,,63,38,25,
MASTUNG,73,300,169,131,,260,150,110,,40,19,21,
MASTUNG,74,322,200,122,,281,178,103,,41,22,19,
MASTUNG,75 & ABOVE,1860,1070,790,,1609,943,666,,251,127,124,
MUSAKHEL,ALL AGES,182275,96706,85566,3,166470,88205,78262,3,15805,8501,7304,
MUSAKHEL,BELOW 1,4755,2497,2258,,4347,2270,2077,,408,227,181,
MUSAKHEL,01,8005,4512,3493,,7223,4086,3137,,782,426,356,
MUSAKHEL,02,8772,4709,4063,,7986,4266,3720,,786,443,343,
MUSAKHEL,03,9137,4928,4209,,8326,4457,3869,,811,471,340,
MUSAKHEL,04,9508,5140,4368,,8625,4630,3995,,883,510,373,
MUSAKHEL,05,7455,4120,3335,,6834,3753,3081,,621,367,254,
MUSAKHEL,06,7534,4009,3525,,6897,3655,3242,,637,354,283,
MUSAKHEL,07,6958,3816,3142,,6325,3464,2861,,633,352,281,
MUSAKHEL,08,6977,3632,3345,,6433,3356,3077,,544,276,268,
MUSAKHEL,09,5570,3229,2341,,5079,2945,2134,,491,284,207,
MUSAKHEL,10,5960,3288,2672,,5467,3016,2451,,493,272,221,
MUSAKHEL,11,5440,2918,2522,,4941,2643,2298,,499,275,224,
MUSAKHEL,12,5103,2893,2210,,4638,2632,2006,,465,261,204,
MUSAKHEL,13,4854,2709,2145,,4413,2459,1954,,441,250,191,
MUSAKHEL,14,4498,2542,1955,1,4022,2276,1745,1,476,266,210,
MUSAKHEL,15,4035,2334,1701,,3605,2087,1518,,430,247,183,
MUSAKHEL,16,4227,2376,1851,,3767,2108,1659,,460,268,192,
MUSAKHEL,17,4315,2329,1986,,3863,2068,1795,,452,261,191,
MUSAKHEL,18,3332,1634,1698,,2962,1451,1511,,370,183,187,
MUSAKHEL,19,3044,1506,1538,,2711,1310,1401,,333,196,137,
MUSAKHEL,20,2726,1254,1472,,2463,1120,1343,,263,134,129,
MUSAKHEL,21,2440,1147,1293,,2209,1040,1169,,231,107,124,
MUSAKHEL,22,2662,1215,1446,1,2414,1117,1296,1,248,98,150,
MUSAKHEL,23,2300,1107,1193,,2087,1021,1066,,213,86,127,
MUSAKHEL,24,2273,1103,1170,,2083,1025,1058,,190,78,112,
MUSAKHEL,25,1986,951,1035,,1827,877,950,,159,74,85,
MUSAKHEL,26,1978,936,1041,1,1806,864,941,1,172,72,100,
MUSAKHEL,27,1980,979,1001,,1806,892,914,,174,87,87,
MUSAKHEL,28,1783,905,878,,1627,824,803,,156,81,75,
MUSAKHEL,29,1763,916,847,,1634,860,774,,129,56,73,
MUSAKHEL,30,1691,791,900,,1581,732,849,,110,59,51,
MUSAKHEL,31,1594,750,844,,1487,699,788,,107,51,56,
MUSAKHEL,32,1805,828,977,,1677,770,907,,128,58,70,
MUSAKHEL,33,1809,855,954,,1683,795,888,,126,60,66,
MUSAKHEL,34,1675,821,854,,1570,768,802,,105,53,52,
MUSAKHEL,35,1534,772,762,,1432,724,708,,102,48,54,
MUSAKHEL,36,1506,784,722,,1392,727,665,,114,57,57,
MUSAKHEL,37,1535,797,738,,1409,735,674,,126,62,64,
MUSAKHEL,38,1357,689,668,,1248,626,622,,109,63,46,
MUSAKHEL,39,1162,590,572,,1062,545,517,,100,45,55,
MUSAKHEL,40,1313,616,697,,1221,566,655,,92,50,42,
MUSAKHEL,41,1172,612,560,,1096,573,523,,76,39,37,
MUSAKHEL,42,1408,706,702,,1304,649,655,,104,57,47,
MUSAKHEL,43,1454,725,729,,1364,684,680,,90,41,49,
MUSAKHEL,44,1184,638,546,,1094,591,503,,90,47,43,
MUSAKHEL,45,1022,497,525,,958,466,492,,64,31,33,
MUSAKHEL,46,956,487,469,,895,458,437,,61,29,32,
MUSAKHEL,47,1120,540,580,,1047,509,538,,73,31,42,
MUSAKHEL,48,994,550,444,,915,511,404,,79,39,40,
MUSAKHEL,49,809,416,393,,751,386,365,,58,30,28,
MUSAKHEL,50,874,446,428,,812,415,397,,62,31,31,
MUSAKHEL,51,823,435,388,,764,410,354,,59,25,34,
MUSAKHEL,52,1022,551,471,,962,521,441,,60,30,30,
MUSAKHEL,53,1020,553,467,,962,522,440,,58,31,27,
MUSAKHEL,54,758,412,346,,701,381,320,,57,31,26,
MUSAKHEL,55,689,368,321,,641,347,294,,48,21,27,
MUSAKHEL,56,587,322,265,,543,303,240,,44,19,25,
MUSAKHEL,57,571,327,244,,542,310,232,,29,17,12,
MUSAKHEL,58,551,315,236,,508,286,222,,43,29,14,
MUSAKHEL,59,453,281,172,,420,260,160,,33,21,12,
MUSAKHEL,60,556,299,257,,517,281,236,,39,18,21,
MUSAKHEL,61,354,200,154,,321,183,138,,33,17,16,
MUSAKHEL,62,447,227,220,,426,211,215,,21,16,5,
MUSAKHEL,63,515,258,257,,477,242,235,,38,16,22,
MUSAKHEL,64,386,213,173,,352,196,156,,34,17,17,
MUSAKHEL,65,419,250,169,,388,232,156,,31,18,13,
MUSAKHEL,66,274,157,117,,258,145,113,,16,12,4,
MUSAKHEL,67,297,174,123,,279,165,114,,18,9,9,
MUSAKHEL,68,285,163,122,,267,155,112,,18,8,10,
MUSAKHEL,69,231,136,95,,216,129,87,,15,7,8,
MUSAKHEL,70,389,227,162,,364,212,152,,25,15,10,
MUSAKHEL,71,235,142,93,,217,134,83,,18,8,10,
MUSAKHEL,72,273,132,141,,247,120,127,,26,12,14,
MUSAKHEL,73,254,119,135,,231,106,125,,23,13,10,
MUSAKHEL,74,207,120,87,,199,114,85,,8,6,2,
MUSAKHEL,75 & ABOVE,1335,781,554,,1250,739,511,,85,42,43,
NASIRABAD,ALL AGES,563315,287902,275395,18,456363,234470,221877,16,106952,53432,53518,2
NASIRABAD,BELOW 1,12040,6089,5951,,8770,4501,4269,,3270,1588,1682,
NASIRABAD,01,20230,10276,9954,,16477,8394,8083,,3753,1882,1871,
NASIRABAD,02,25231,12865,12366,,20452,10436,10016,,4779,2429,2350,
NASIRABAD,03,27578,14154,13424,,22337,11487,10850,,5241,2667,2574,
NASIRABAD,04,28965,14929,14036,,23357,12057,11300,,5608,2872,2736,
NASIRABAD,05,22699,11545,11154,,18684,9556,9128,,4015,1989,2026,
NASIRABAD,06,21189,10897,10292,,17603,9093,8510,,3586,1804,1782,
NASIRABAD,07,21392,10953,10439,,17490,9044,8446,,3902,1909,1993,
NASIRABAD,08,21744,10465,11279,,18206,8837,9369,,3538,1628,1910,
NASIRABAD,09,15779,8895,6884,,13044,7450,5594,,2735,1445,1290,
NASIRABAD,10,18666,9310,9356,,15658,7921,7737,,3008,1389,1619,
NASIRABAD,11,15623,8310,7313,,12713,6855,5858,,2910,1455,1455,
NASIRABAD,12,16820,8704,8116,,13947,7295,6652,,2873,1409,1464,
NASIRABAD,13,13763,7167,6596,,11026,5836,5190,,2737,1331,1406,
NASIRABAD,14,13483,7087,6393,3,11042,5917,5122,3,2441,1170,1271,
NASIRABAD,15,13110,6877,6229,4,10414,5549,4861,4,2696,1328,1368,
NASIRABAD,16,12682,6807,5872,3,10343,5607,4733,3,2339,1200,1139,
NASIRABAD,17,9884,5229,4653,2,7813,4190,3621,2,2071,1039,1032,
NASIRABAD,18,12631,6444,6187,,10506,5380,5126,,2125,1064,1061,
NASIRABAD,19,9811,5113,4698,,7881,4142,3739,,1930,971,959,
NASIRABAD,20,10545,5399,5146,,8696,4452,4244,,1849,947,902,
NASIRABAD,21,8228,4159,4069,,6471,3264,3207,,1757,895,862,
NASIRABAD,22,8703,4278,4425,,6981,3440,3541,,1722,838,884,
NASIRABAD,23,7197,3564,3632,1,5684,2809,2875,,1513,755,757,1
NASIRABAD,24,7369,3698,3671,,5815,2933,2882,,1554,765,789,
NASIRABAD,25,7633,3786,3847,,6273,3126,3147,,1360,660,700,
NASIRABAD,26,6872,3431,3441,,5436,2743,2693,,1436,688,748,
NASIRABAD,27,6244,3166,3078,,4870,2498,2372,,1374,668,706,
NASIRABAD,28,6512,3154,3358,,5236,2512,2724,,1276,642,634,
NASIRABAD,29,5784,2895,2889,,4544,2253,2291,,1240,642,598,
NASIRABAD,30,6251,3024,3227,,5127,2488,2639,,1124,536,588,
NASIRABAD,31,5449,2516,2933,,4293,1964,2329,,1156,552,604,
NASIRABAD,32,5389,2457,2932,,4266,1940,2326,,1123,517,606,
NASIRABAD,33,5618,2801,2817,,4383,2193,2190,,1235,608,627,
NASIRABAD,34,5182,2434,2748,,4053,1903,2150,,1129,531,598,
NASIRABAD,35,5378,2715,2663,,4406,2219,2187,,972,496,476,
NASIRABAD,36,5077,2545,2532,,4010,1985,2025,,1067,560,507,
NASIRABAD,37,4936,2447,2489,,3867,1912,1955,,1069,535,534,
NASIRABAD,38,5518,2609,2908,1,4477,2105,2372,,1041,504,536,1
NASIRABAD,39,4823,2402,2421,,3887,1936,1951,,936,466,470,
NASIRABAD,40,5135,2452,2683,,4235,1984,2251,,900,468,432,
NASIRABAD,41,5218,2665,2553,,4232,2158,2074,,986,507,479,
NASIRABAD,42,4769,2370,2399,,3770,1868,1902,,999,502,497,
NASIRABAD,43,5483,3057,2426,,4556,2548,2008,,927,509,418,
NASIRABAD,44,4146,2089,2057,,3350,1684,1666,,796,405,391,
NASIRABAD,45,3691,2040,1650,1,3088,1701,1386,1,603,339,264,
NASIRABAD,46,3341,1764,1577,,2730,1445,1285,,611,319,292,
NASIRABAD,47,3084,1717,1367,,2412,1344,1068,,672,373,299,
NASIRABAD,48,3368,1739,1629,,2772,1440,1332,,596,299,297,
NASIRABAD,49,2586,1311,1275,,2083,1065,1018,,503,246,257,
NASIRABAD,50,2741,1371,1370,,2267,1121,1146,,474,250,224,
NASIRABAD,51,2593,1234,1359,,2046,967,1079,,547,267,280,
NASIRABAD,52,2425,1213,1212,,1805,926,879,,620,287,333,
NASIRABAD,53,2886,1541,1343,2,2320,1222,1096,2,566,319,247,
NASIRABAD,54,2265,1188,1077,,1769,910,859,,496,278,218,
NASIRABAD,55,2153,1083,1070,,1753,878,875,,400,205,195,
NASIRABAD,56,1855,961,894,,1478,755,723,,377,206,171,
NASIRABAD,57,1682,864,818,,1295,660,635,,387,204,183,
NASIRABAD,58,2005,1114,891,,1648,912,736,,357,202,155,
NASIRABAD,59,1503,826,677,,1198,652,546,,305,174,131,
NASIRABAD,60,1804,905,899,,1490,745,745,,314,160,154,
NASIRABAD,61,1404,755,649,,1136,600,536,,268,155,113,
NASIRABAD,62,1257,628,629,,972,494,478,,285,134,151,
NASIRABAD,63,1571,840,731,,1280,711,569,,291,129,162,
NASIRABAD,64,1194,618,576,,956,493,463,,238,125,113,
NASIRABAD,65,1293,712,581,,1045,573,472,,248,139,109,
NASIRABAD,66,856,439,417,,696,355,341,,160,84,76,
NASIRABAD,67,741,436,305,,571,342,229,,170,94,76,
NASIRABAD,68,886,419,467,,745,354,391,,141,65,76,
NASIRABAD,69,665,365,300,,543,298,245,,122,67,55,
NASIRABAD,70,1020,563,457,,865,477,388,,155,86,69,
NASIRABAD,71,609,306,303,,497,256,241,,112,50,62,
NASIRABAD,72,600,321,279,,483,275,208,,117,46,71,
NASIRABAD,73,612,280,332,,525,244,281,,87,36,51,
NASIRABAD,74,468,275,193,,392,231,161,,76,44,32,
NASIRABAD,75 & ABOVE,3378,1845,1532,1,2822,1560,1261,1,556,285,271,
NUSHKI,ALL AGES,207200,107967,99228,5,159096,82721,76371,4,48104,25246,22857,1
NUSHKI,BELOW 1,5133,2675,2458,,3985,2079,1906,,1148,596,552,
NUSHKI,01,7451,3987,3464,,5946,3201,2745,,1505,786,719,
NUSHKI,02,8794,4731,4063,,7038,3813,3225,,1756,918,838,
NUSHKI,03,9019,4803,4216,,7158,3808,3350,,1861,995,866,
NUSHKI,04,9866,5254,4612,,7844,4148,3696,,2022,1106,916,
NUSHKI,05,7364,3915,3449,,5698,3051,2647,,1666,864,802,
NUSHKI,06,6855,3566,3289,,5432,2831,2601,,1423,735,688,
NUSHKI,07,6903,3582,3321,,5368,2767,2601,,1535,815,720,
NUSHKI,08,6849,3426,3423,,5365,2643,2722,,1484,783,701,
NUSHKI,09,5017,2838,2179,,3823,2182,1641,,1194,656,538,
NUSHKI,10,5948,3191,2757,,4678,2510,2168,,1270,681,589,
NUSHKI,11,5293,2779,2514,,4106,2166,1940,,1187,613,574,
NUSHKI,12,5500,2907,2593,,4229,2221,2008,,1271,686,585,
NUSHKI,13,4943,2586,2357,,3719,1933,1786,,1224,653,571,
NUSHKI,14,5174,2693,2481,,3945,2047,1898,,1229,646,583,
NUSHKI,15,4475,2333,2142,,3373,1756,1617,,1102,577,525,
NUSHKI,16,4761,2517,2244,,3539,1872,1667,,1222,645,577,
NUSHKI,17,4345,2237,2107,1,3218,1640,1577,1,1127,597,530,
NUSHKI,18,4185,2298,1887,,3167,1729,1438,,1018,569,449,
NUSHKI,19,3701,1994,1707,,2727,1476,1251,,974,518,456,
NUSHKI,20,3987,2106,1881,,2962,1554,1408,,1025,552,473,
NUSHKI,21,3389,1688,1700,1,2498,1236,1261,1,891,452,439,
NUSHKI,22,3554,1687,1867,,2671,1261,1410,,883,426,457,
NUSHKI,23,2873,1428,1445,,2146,1022,1124,,727,406,321,
NUSHKI,24,3388,1636,1752,,2558,1207,1351,,830,429,401,
NUSHKI,25,3067,1474,1593,,2279,1096,1183,,788,378,410,
NUSHKI,26,3040,1459,1581,,2326,1112,1214,,714,347,367,
NUSHKI,27,2950,1466,1483,1,2238,1116,1121,1,712,350,362,
NUSHKI,28,2952,1436,1516,,2228,1091,1137,,724,345,379,
NUSHKI,29,2430,1183,1247,,1831,886,945,,599,297,302,
NUSHKI,30,2646,1280,1366,,1993,945,1048,,653,335,318,
NUSHKI,31,2427,1216,1211,,1813,903,910,,614,313,301,
NUSHKI,32,2698,1341,1357,,2049,1014,1035,,649,327,322,
NUSHKI,33,2189,1064,1124,1,1610,764,845,1,579,300,279,
NUSHKI,34,2502,1267,1235,,1899,951,948,,603,316,287,
NUSHKI,35,2134,1007,1127,,1611,737,874,,523,270,253,
NUSHKI,36,1865,917,948,,1424,708,716,,441,209,232,
NUSHKI,37,2015,1035,980,,1548,780,768,,467,255,212,
NUSHKI,38,2024,1102,922,,1562,851,711,,462,251,211,
NUSHKI,39,1858,960,898,,1408,717,691,,450,243,207,
NUSHKI,40,1992,1054,938,,1546,802,744,,446,252,194,
NUSHKI,41,1811,988,823,,1391,765,626,,420,223,197,
NUSHKI,42,1987,1048,939,,1560,813,747,,427,235,192,
NUSHKI,43,1508,826,681,1,1098,600,498,,410,226,183,1
NUSHKI,44,1581,872,709,,1234,676,558,,347,196,151,
NUSHKI,45,1322,658,664,,1000,490,510,,322,168,154,
NUSHKI,46,1297,701,596,,1003,536,467,,294,165,129,
NUSHKI,47,1237,662,575,,947,504,443,,290,158,132,
NUSHKI,48,1125,622,503,,871,484,387,,254,138,116,
NUSHKI,49,1069,536,533,,821,413,408,,248,123,125,
NUSHKI,50,1062,530,532,,810,403,407,,252,127,125,
NUSHKI,51,985,473,512,,731,356,375,,254,117,137,
NUSHKI,52,1173,595,578,,889,462,427,,284,133,151,
NUSHKI,53,930,504,426,,708,380,328,,222,124,98,
NUSHKI,54,1011,524,487,,771,404,367,,240,120,120,
NUSHKI,55,854,417,437,,644,313,331,,210,104,106,
NUSHKI,56,886,475,411,,655,368,287,,231,107,124,
NUSHKI,57,770,439,331,,583,334,249,,187,105,82,
NUSHKI,58,748,435,313,,549,328,221,,199,107,92,
NUSHKI,59,726,391,335,,525,286,239,,201,105,96,
NUSHKI,60,707,363,344,,542,279,263,,165,84,81,
NUSHKI,61,513,301,212,,375,222,153,,138,79,59,
NUSHKI,62,633,328,305,,496,257,239,,137,71,66,
NUSHKI,63,507,300,207,,372,223,149,,135,77,58,
NUSHKI,64,556,307,249,,443,252,191,,113,55,58,
NUSHKI,65,508,272,236,,376,211,165,,132,61,71,
NUSHKI,66,430,221,209,,343,179,164,,87,42,45,
NUSHKI,67,451,249,202,,345,191,154,,106,58,48,
NUSHKI,68,339,195,144,,239,148,91,,100,47,53,
NUSHKI,69,311,171,140,,229,129,100,,82,42,40,
NUSHKI,70,418,221,197,,323,166,157,,95,55,40,
NUSHKI,71,270,130,140,,192,94,98,,78,36,42,
NUSHKI,72,293,168,125,,218,126,92,,75,42,33,
NUSHKI,73,220,122,98,,160,88,72,,60,34,26,
NUSHKI,74,233,140,93,,171,101,70,,62,39,23,
NUSHKI,75 & ABOVE,1173,665,508,,924,514,410,,249,151,98,
PANJGUR,ALL AGES,509781,269372,240314,95,352088,184562,167494,32,157693,84810,72820,63
PANJGUR,BELOW 1,10954,5405,5549,,8625,4206,4419,,2329,1199,1130,
PANJGUR,01,16694,8855,7839,,12603,6657,5946,,4091,2198,1893,
PANJGUR,02,21895,11234,10661,,16090,8208,7882,,5805,3026,2779,
PANJGUR,03,22105,11634,10471,,16191,8499,7692,,5914,3135,2779,
PANJGUR,04,23466,11869,11597,,17321,8599,8722,,6145,3270,2875,
PANJGUR,05,14695,7638,7057,,10510,5490,5020,,4185,2148,2037,
PANJGUR,06,12390,6361,6029,,8875,4583,4292,,3515,1778,1737,
PANJGUR,07,10944,5740,5204,,7916,4170,3746,,3028,1570,1458,
PANJGUR,08,12680,6032,6648,,8833,4206,4627,,3847,1826,2021,
PANJGUR,09,9729,5481,4248,,6751,3761,2990,,2978,1720,1258,
PANJGUR,10,12170,5957,6213,,8333,4117,4216,,3837,1840,1997,
PANJGUR,11,10890,6010,4880,,7514,4146,3368,,3376,1864,1512,
PANJGUR,12,11301,5742,5559,,7956,4053,3903,,3345,1689,1656,
PANJGUR,13,9728,5387,4341,,6734,3650,3084,,2994,1737,1257,
PANJGUR,14,10882,5723,5156,3,6826,3599,3225,2,4056,2124,1931,1
PANJGUR,15,13204,6562,6639,3,8225,4244,3980,1,4979,2318,2659,2
PANJGUR,16,15347,7450,7893,4,9853,4712,5139,2,5494,2738,2754,2
PANJGUR,17,20905,11790,9108,7,15480,8690,6789,1,5425,3100,2319,6
PANJGUR,18,13072,6711,6348,13,8601,4314,4286,1,4471,2397,2062,12
PANJGUR,19,14798,7988,6791,19,9885,5175,4709,1,4913,2813,2082,18
PANJGUR,20,12726,6070,6640,16,8907,4238,4662,7,3819,1832,1978,9
PANJGUR,21,11342,5783,5557,2,7824,3888,3936,,3518,1895,1621,2
PANJGUR,22,10606,5530,5071,5,7370,3762,3605,3,3236,1768,1466,2
PANJGUR,23,9852,5335,4515,2,7045,3727,3317,1,2807,1608,1198,1
PANJGUR,24,7813,3869,3944,,5373,2659,2714,,2440,1210,1230,
PANJGUR,25,9405,4780,4625,,6373,3236,3137,,3032,1544,1488,
PANJGUR,26,8550,4323,4226,1,5813,2883,2929,1,2737,1440,1297,
PANJGUR,27,7087,3566,3521,,4819,2434,2385,,2268,1132,1136,
PANJGUR,28,7828,3944,3883,1,5306,2659,2646,1,2522,1285,1237,
PANJGUR,29,8322,4233,4087,2,5561,2844,2715,2,2761,1389,1372,
PANJGUR,30,7076,3351,3721,4,4832,2366,2464,2,2244,985,1257,2
PANJGUR,31,6553,3303,3250,,4348,2197,2151,,2205,1106,1099,
PANJGUR,32,6785,3393,3391,1,4566,2357,2209,,2219,1036,1182,1
PANJGUR,33,5747,3169,2578,,3868,2201,1667,,1879,968,911,
PANJGUR,34,5570,2857,2712,1,3554,1840,1714,,2016,1017,998,1
PANJGUR,35,5610,3240,2369,1,3655,2044,1611,,1955,1196,758,1
PANJGUR,36,6405,3815,2588,2,4253,2495,1757,1,2152,1320,831,1
PANJGUR,37,4368,2488,1880,,2900,1597,1303,,1468,891,577,
PANJGUR,38,4902,2653,2249,,3186,1670,1516,,1716,983,733,
PANJGUR,39,5785,3180,2605,,3731,2017,1714,,2054,1163,891,
PANJGUR,40,4509,2566,1943,,3072,1693,1379,,1437,873,564,
PANJGUR,41,4028,2269,1759,,2666,1437,1229,,1362,832,530,
PANJGUR,42,3972,2173,1799,,2631,1377,1254,,1341,796,545,
PANJGUR,43,2662,1477,1185,,1871,1016,855,,791,461,330,
PANJGUR,44,3731,2111,1619,1,2389,1283,1105,1,1342,828,514,
PANJGUR,45,3395,2130,1262,3,2310,1408,899,3,1085,722,363,
PANJGUR,46,3317,1962,1355,,2156,1230,926,,1161,732,429,
PANJGUR,47,2552,1531,1021,,1687,985,702,,865,546,319,
PANJGUR,48,2545,1438,1107,,1676,912,764,,869,526,343,
PANJGUR,49,2943,1632,1311,,1912,1021,891,,1031,611,420,
PANJGUR,50,2413,1364,1048,1,1698,968,729,1,715,396,319,
PANJGUR,51,2126,1189,937,,1430,782,648,,696,407,289,
PANJGUR,52,2153,1198,955,,1405,776,629,,748,422,326,
PANJGUR,53,1575,980,595,,1124,681,443,,451,299,152,
PANJGUR,54,1886,1022,864,,1236,676,560,,650,346,304,
PANJGUR,55,1961,1184,776,1,1281,772,508,1,680,412,268,
PANJGUR,56,1809,1085,724,,1203,687,516,,606,398,208,
PANJGUR,57,1193,718,475,,780,459,321,,413,259,154,
PANJGUR,58,1671,1082,589,,1134,741,393,,537,341,196,
PANJGUR,59,1718,1023,695,,1034,604,430,,684,419,265,
PANJGUR,60,1431,866,565,,993,619,374,,438,247,191,
PANJGUR,61,1308,841,467,,825,501,324,,483,340,143,
PANJGUR,62,1083,657,426,,739,452,287,,344,205,139,
PANJGUR,63,943,636,306,1,650,422,228,,293,214,78,1
PANJGUR,64,1136,702,434,,645,386,259,,491,316,175,
PANJGUR,65,1114,661,453,,742,441,301,,372,220,152,
PANJGUR,66,914,593,321,,610,398,212,,304,195,109,
PANJGUR,67,653,432,221,,422,264,158,,231,168,63,
PANJGUR,68,732,446,286,,484,297,187,,248,149,99,
PANJGUR,69,1134,741,393,,683,439,244,,451,302,149,
PANJGUR,70,824,472,352,,550,328,222,,274,144,130,
PANJGUR,71,631,374,257,,407,230,177,,224,144,80,
PANJGUR,72,439,272,167,,271,185,86,,168,87,81,
PANJGUR,73,331,197,134,,257,146,111,,74,51,23,
PANJGUR,74,547,348,199,,333,214,119,,214,134,80,
PANJGUR,75 & ABOVE,4221,2549,1671,1,2376,1539,837,,1845,1010,834,1
PISHIN,ALL AGES,835482,426597,408862,23,591697,302354,289328,15,243785,124243,119534,8
PISHIN,BELOW 1,17778,9199,8579,,13307,6928,6379,,4471,2271,2200,
PISHIN,01,38528,20593,17935,,28233,15171,13062,,10295,5422,4873,
PISHIN,02,39252,20458,18794,,28584,14961,13623,,10668,5497,5171,
PISHIN,03,41062,21622,19440,,29688,15586,14102,,11374,6036,5338,
PISHIN,04,41765,21779,19986,,29981,15627,14354,,11784,6152,5632,
PISHIN,05,29977,15596,14381,,21058,10964,10094,,8919,4632,4287,
PISHIN,06,29907,15437,14470,,21181,10984,10197,,8726,4453,4273,
PISHIN,07,28318,14791,13527,,19732,10312,9420,,8586,4479,4107,
PISHIN,08,27938,13587,14351,,19703,9663,10040,,8235,3924,4311,
PISHIN,09,23506,12795,10711,,16411,8996,7415,,7095,3799,3296,
PISHIN,10,23751,12475,11276,,16915,8951,7964,,6836,3524,3312,
PISHIN,11,23551,12087,11464,,16479,8518,7961,,7072,3569,3503,
PISHIN,12,21403,11201,10202,,15178,8026,7152,,6225,3175,3050,
PISHIN,13,21086,10906,10180,,14775,7637,7138,,6311,3269,3042,
PISHIN,14,20215,10487,9722,6,14329,7401,6923,5,5886,3086,2799,1
PISHIN,15,19140,9963,9174,3,13369,6939,6428,2,5771,3024,2746,1
PISHIN,16,19364,9824,9537,3,13787,6982,6803,2,5577,2842,2734,1
PISHIN,17,18337,8906,9431,,13183,6419,6764,,5154,2487,2667,
PISHIN,18,18724,9068,9656,,13216,6375,6841,,5508,2693,2815,
PISHIN,19,18004,8354,9650,,12816,5849,6967,,5188,2505,2683,
PISHIN,20,17901,7922,9977,2,12730,5594,7134,2,5171,2328,2843,
PISHIN,21,15973,7175,8798,,11473,5159,6314,,4500,2016,2484,
PISHIN,22,14975,6692,8283,,10613,4693,5920,,4362,1999,2363,
PISHIN,23,12985,6104,6880,1,9205,4329,4876,,3780,1775,2004,1
PISHIN,24,12875,6210,6665,,9245,4499,4746,,3630,1711,1919,
PISHIN,25,11750,5570,6179,1,8212,3967,4244,1,3538,1603,1935,
PISHIN,26,11786,5653,6133,,8296,4009,4287,,3490,1644,1846,
PISHIN,27,10820,5343,5477,,7512,3760,3752,,3308,1583,1725,
PISHIN,28,10591,5052,5538,1,7367,3552,3814,1,3224,1500,1724,
PISHIN,29,9221,4569,4652,,6321,3117,3204,,2900,1452,1448,
PISHIN,30,9380,4484,4896,,6416,3033,3383,,2964,1451,1513,
PISHIN,31,8686,4168,4517,1,6022,2876,3145,1,2664,1292,1372,
PISHIN,32,8473,4201,4272,,5951,2937,3014,,2522,1264,1258,
PISHIN,33,8470,4389,4081,,6010,3081,2929,,2460,1308,1152,
PISHIN,34,8125,4119,4006,,5641,2841,2800,,2484,1278,1206,
PISHIN,35,7522,3792,3729,1,5182,2640,2542,,2340,1152,1187,1
PISHIN,36,7346,3573,3773,,5129,2489,2640,,2217,1084,1133,
PISHIN,37,7091,3649,3442,,5021,2579,2442,,2070,1070,1000,
PISHIN,38,7316,3688,3628,,5179,2623,2556,,2137,1065,1072,
PISHIN,39,6394,3313,3081,,4464,2353,2111,,1930,960,970,
PISHIN,40,7063,3546,3516,1,4851,2411,2440,,2212,1135,1076,1
PISHIN,41,6062,3199,2863,,4194,2208,1986,,1868,991,877,
PISHIN,42,6016,3028,2988,,4143,2075,2068,,1873,953,920,
PISHIN,43,5555,3129,2426,,3989,2215,1774,,1566,914,652,
PISHIN,44,5610,3011,2599,,3863,2067,1796,,1747,944,803,
PISHIN,45,4877,2559,2318,,3302,1742,1560,,1575,817,758,
PISHIN,46,4326,2401,1925,,2942,1637,1305,,1384,764,620,
PISHIN,47,4207,2282,1925,,2859,1570,1289,,1348,712,636,
PISHIN,48,4305,2299,2006,,2985,1578,1407,,1320,721,599,
PISHIN,49,3254,1698,1556,,2194,1145,1049,,1060,553,507,
PISHIN,50,4069,2071,1998,,2788,1392,1396,,1281,679,602,
PISHIN,51,3125,1587,1538,,2148,1048,1100,,977,539,438,
PISHIN,52,3038,1528,1510,,2071,1035,1036,,967,493,474,
PISHIN,53,3260,1696,1564,,2330,1178,1152,,930,518,412,
PISHIN,54,3027,1552,1475,,2079,1059,1020,,948,493,455,
PISHIN,55,3150,1582,1568,,2218,1118,1100,,932,464,468,
PISHIN,56,2706,1454,1252,,1859,999,860,,847,455,392,
PISHIN,57,2471,1446,1025,,1726,995,731,,745,451,294,
PISHIN,58,2650,1520,1129,1,1888,1070,818,,762,450,311,1
PISHIN,59,2168,1281,887,,1532,920,612,,636,361,275,
PISHIN,60,2811,1544,1267,,1985,1084,901,,826,460,366,
PISHIN,61,1802,1110,692,,1257,777,480,,545,333,212,
PISHIN,62,1851,1073,778,,1247,713,534,,604,360,244,
PISHIN,63,1787,938,849,,1307,664,643,,480,274,206,
PISHIN,64,1677,965,712,,1172,671,501,,505,294,211,
PISHIN,65,1832,1088,743,1,1315,785,530,,517,303,213,1
PISHIN,66,1300,747,553,,887,509,378,,413,238,175,
PISHIN,67,1171,755,416,,839,534,305,,332,221,111,
PISHIN,68,1192,605,587,,878,430,448,,314,175,139,
PISHIN,69,881,512,369,,643,378,265,,238,134,104,
PISHIN,70,1619,945,674,,1152,673,479,,467,272,195,
PISHIN,71,781,453,328,,571,334,237,,210,119,91,
PISHIN,72,814,492,322,,580,335,245,,234,157,77,
PISHIN,73,775,446,329,,580,326,254,,195,120,75,
PISHIN,74,751,469,282,,514,325,189,,237,144,93,
PISHIN,75 & ABOVE,4213,2792,1420,1,2895,1934,960,1,1318,858,460,
QUETTA,ALL AGES,2271290,1164248,1106931,111,979434,502170,477235,29,1291856,662078,629696,82
QUETTA,BELOW 1,44870,22328,22542,,19388,9375,10013,,25482,12953,12529,
QUETTA,01,73714,37572,36142,,32806,16400,16406,,40908,21172,19736,
QUETTA,02,81527,41403,40124,,36716,18400,18316,,44811,23003,21808,
QUETTA,03,91923,46539,45384,,41274,20540,20734,,50649,25999,24650,
QUETTA,04,92448,47081,45367,,42580,21475,21105,,49868,25606,24262,
QUETTA,05,71352,36254,35098,,33119,16967,16152,,38233,19287,18946,
QUETTA,06,68594,34659,33935,,31818,16250,15568,,36776,18409,18367,
QUETTA,07,71486,36097,35389,,32972,16688,16284,,38514,19409,19105,
QUETTA,08,67084,32013,35071,,31243,15022,16221,,35841,16991,18850,
QUETTA,09,57936,31280,26656,,25858,13982,11876,,32078,17298,14780,
QUETTA,10,59982,30569,29413,,27576,14113,13463,,32406,16456,15950,
QUETTA,11,62461,31665,30796,,27328,13962,13366,,35133,17703,17430,
QUETTA,12,59875,30706,29169,,26889,14018,12871,,32986,16688,16298,
QUETTA,13,59594,30212,29382,,26405,13558,12847,,33189,16654,16535,
QUETTA,14,56369,28567,27784,18,24831,12587,12237,7,31538,15980,15547,11
QUETTA,15,55130,27900,27224,6,24142,12331,11809,2,30988,15569,15415,4
QUETTA,16,54592,28258,26331,3,23844,12420,11422,2,30748,15838,14909,1
QUETTA,17,46880,24329,22549,2,19490,10042,9448,,27390,14287,13101,2
QUETTA,18,52019,27604,24408,7,23289,12385,10902,2,28730,15219,13506,5
QUETTA,19,49297,25737,23554,6,21210,11169,10039,2,28087,14568,13515,4
QUETTA,20,47758,24078,23671,9,21524,10815,10707,2,26234,13263,12964,7
QUETTA,21,45204,22969,22234,1,18980,9651,9329,,26224,13318,12905,1
QUETTA,22,44666,21941,22721,4,18822,9311,9510,1,25844,12630,13211,3
QUETTA,23,37538,18803,18732,3,15797,8019,7777,1,21741,10784,10955,2
QUETTA,24,38374,19089,19284,1,15923,7976,7947,,22451,11113,11337,1
QUETTA,25,35612,17180,18425,7,15569,7479,8090,,20043,9701,10335,7
QUETTA,26,37439,18622,18814,3,15361,7690,7670,1,22078,10932,11144,2
QUETTA,27,35535,18103,17429,3,14627,7428,7198,1,20908,10675,10231,2
QUETTA,28,33783,17021,16759,3,14127,7054,7073,,19656,9967,9686,3
QUETTA,29,30724,15708,15015,1,12292,6345,5947,,18432,9363,9068,1
QUETTA,30,30425,14117,16305,3,13058,6113,6945,,17367,8004,9360,3
QUETTA,31,27464,13522,13940,2,11017,5468,5549,,16447,8054,8391,2
QUETTA,32,27469,13536,13931,2,10870,5387,5482,1,16599,8149,8449,1
QUETTA,33,23153,11702,11450,1,9505,4866,4639,,13648,6836,6811,1
QUETTA,34,24803,12299,12504,,9766,4832,4934,,15037,7467,7570,
QUETTA,35,24560,12292,12263,5,10355,5124,5231,,14205,7168,7032,5
QUETTA,36,22933,11340,11591,2,9071,4573,4498,,13862,6767,7093,2
QUETTA,37,22816,11852,10961,3,9043,4698,4345,,13773,7154,6616,3
QUETTA,38,22210,11721,10487,2,9202,4841,4360,1,13008,6880,6127,1
QUETTA,39,21206,10947,10258,1,8376,4359,4016,1,12830,6588,6242,
QUETTA,40,23598,12312,11284,2,9844,5124,4720,,13754,7188,6564,2
QUETTA,41,18922,9808,9114,,7570,4002,3568,,11352,5806,5546,
QUETTA,42,21038,10720,10318,,8110,4056,4054,,12928,6664,6264,
QUETTA,43,17081,9417,7663,1,6851,3829,3021,1,10230,5588,4642,
QUETTA,44,18614,9797,8817,,7456,3943,3513,,11158,5854,5304,
QUETTA,45,17317,9242,8075,,7226,3794,3432,,10091,5448,4643,
QUETTA,46,16033,8501,7531,1,6328,3363,2964,1,9705,5138,4567,
QUETTA,47,14870,8003,6867,,5931,3176,2755,,8939,4827,4112,
QUETTA,48,12941,7107,5833,1,5143,2855,2288,,7798,4252,3545,1
QUETTA,49,12317,6448,5869,,4849,2520,2329,,7468,3928,3540,
QUETTA,50,13244,7031,6213,,5435,2797,2638,,7809,4234,3575,
QUETTA,51,11416,5961,5455,,4486,2335,2151,,6930,3626,3304,
QUETTA,52,12039,6442,5597,,4734,2559,2175,,7305,3883,3422,
QUETTA,53,10263,5609,4654,,4172,2292,1880,,6091,3317,2774,
QUETTA,54,11516,6081,5432,3,4528,2403,2124,1,6988,3678,3308,2
QUETTA,55,10375,5463,4912,,4229,2238,1991,,6146,3225,2921,
QUETTA,56,9626,5252,4373,1,3797,2081,1715,1,5829,3171,2658,
QUETTA,57,8549,4734,3814,1,3350,1891,1459,,5199,2843,2355,1
QUETTA,58,7916,4577,3338,1,3032,1787,1245,,4884,2790,2093,1
QUETTA,59,8127,4655,3472,,3106,1802,1304,,5021,2853,2168,
QUETTA,60,8756,4864,3892,,3504,1938,1566,,5252,2926,2326,
QUETTA,61,6831,4054,2777,,2598,1526,1072,,4233,2528,1705,
QUETTA,62,6595,3821,2774,,2519,1442,1077,,4076,2379,1697,
QUETTA,63,5559,3230,2329,,2157,1269,888,,3402,1961,1441,
QUETTA,64,5976,3387,2589,,2274,1293,981,,3702,2094,1608,
QUETTA,65,5901,3461,2440,,2402,1399,1003,,3499,2062,1437,
QUETTA,66,4827,2600,2226,1,1895,1033,861,1,2932,1567,1365,
QUETTA,67,4359,2790,1569,,1696,1128,568,,2663,1662,1001,
QUETTA,68,3694,2030,1664,,1420,792,628,,2274,1238,1036,
QUETTA,69,3704,2071,1633,,1424,811,613,,2280,1260,1020,
QUETTA,70,4811,2763,2048,,1940,1107,833,,2871,1656,1215,
QUETTA,71,3005,1716,1289,,1178,669,509,,1827,1047,780,
QUETTA,72,2666,1678,988,,1066,686,380,,1600,992,608,
QUETTA,73,2254,1374,880,,895,576,319,,1359,798,561,
QUETTA,74,2674,1625,1049,,1015,628,387,,1659,997,662,
QUETTA,75 & ABOVE,13071,8009,5061,1,5211,3313,1898,,7860,4696,3163,1
SHERANI,ALL AGES,191673,105338,86329,6,191673,105338,86329,6,,,,
SHERANI,BELOW 1,4712,2672,2040,,4712,2672,2040,,,,,
SHERANI,01,7763,4370,3393,,7763,4370,3393,,,,,
SHERANI,02,9549,5507,4042,,9549,5507,4042,,,,,
SHERANI,03,9265,5227,4038,,9265,5227,4038,,,,,
SHERANI,04,10364,5885,4479,,10364,5885,4479,,,,,
SHERANI,05,7198,4176,3022,,7198,4176,3022,,,,,
SHERANI,06,7556,4390,3166,,7556,4390,3166,,,,,
SHERANI,07,6355,3695,2660,,6355,3695,2660,,,,,
SHERANI,08,6925,3703,3222,,6925,3703,3222,,,,,
SHERANI,09,5713,3458,2255,,5713,3458,2255,,,,,
SHERANI,10,6336,3680,2656,,6336,3680,2656,,,,,
SHERANI,11,6055,3489,2566,,6055,3489,2566,,,,,
SHERANI,12,5472,3206,2266,,5472,3206,2266,,,,,
SHERANI,13,5362,3195,2167,,5362,3195,2167,,,,,
SHERANI,14,4716,2815,1901,,4716,2815,1901,,,,,
SHERANI,15,5073,3045,2025,3,5073,3045,2025,3,,,,
SHERANI,16,4979,2926,2053,,4979,2926,2053,,,,,
SHERANI,17,5716,3587,2127,2,5716,3587,2127,2,,,,
SHERANI,18,3163,1688,1475,,3163,1688,1475,,,,,
SHERANI,19,3259,1619,1640,,3259,1619,1640,,,,,
SHERANI,20,2939,1546,1393,,2939,1546,1393,,,,,
SHERANI,21,3147,1473,1674,,3147,1473,1674,,,,,
SHERANI,22,2418,1136,1282,,2418,1136,1282,,,,,
SHERANI,23,3181,1533,1648,,3181,1533,1648,,,,,
SHERANI,24,2293,1024,1269,,2293,1024,1269,,,,,
SHERANI,25,2376,1232,1144,,2376,1232,1144,,,,,
SHERANI,26,2589,1260,1329,,2589,1260,1329,,,,,
SHERANI,27,2359,1141,1218,,2359,1141,1218,,,,,
SHERANI,28,2411,1195,1216,,2411,1195,1216,,,,,
SHERANI,29,2502,1163,1339,,2502,1163,1339,,,,,
SHERANI,30,2057,1056,1001,,2057,1056,1001,,,,,
SHERANI,31,2063,929,1134,,2063,929,1134,,,,,
SHERANI,32,2017,987,1030,,2017,987,1030,,,,,
SHERANI,33,2038,991,1047,,2038,991,1047,,,,,
SHERANI,34,1729,806,923,,1729,806,923,,,,,
SHERANI,35,1693,912,781,,1693,912,781,,,,,
SHERANI,36,1795,873,922,,1795,873,922,,,,,
SHERANI,37,1626,790,836,,1626,790,836,,,,,
SHERANI,38,1586,739,847,,1586,739,847,,,,,
SHERANI,39,1541,701,840,,1541,701,840,,,,,
SHERANI,40,1628,830,798,,1628,830,798,,,,,
SHERANI,41,1345,649,696,,1345,649,696,,,,,
SHERANI,42,1305,575,730,,1305,575,730,,,,,
SHERANI,43,1075,488,587,,1075,488,587,,,,,
SHERANI,44,1203,575,627,1,1203,575,627,1,,,,
SHERANI,45,1205,686,519,,1205,686,519,,,,,
SHERANI,46,1047,564,483,,1047,564,483,,,,,
SHERANI,47,949,507,442,,949,507,442,,,,,
SHERANI,48,942,502,440,,942,502,440,,,,,
SHERANI,49,894,430,464,,894,430,464,,,,,
SHERANI,50,858,462,396,,858,462,396,,,,,
SHERANI,51,659,329,330,,659,329,330,,,,,
SHERANI,52,595,302,293,,595,302,293,,,,,
SHERANI,53,624,317,307,,624,317,307,,,,,
SHERANI,54,530,260,270,,530,260,270,,,,,
SHERANI,55,681,379,302,,681,379,302,,,,,
SHERANI,56,595,336,259,,595,336,259,,,,,
SHERANI,57,346,184,162,,346,184,162,,,,,
SHERANI,58,463,245,218,,463,245,218,,,,,
SHERANI,59,461,282,179,,461,282,179,,,,,
SHERANI,60,534,317,217,,534,317,217,,,,,
SHERANI,61,290,207,83,,290,207,83,,,,,
SHERANI,62,276,152,124,,276,152,124,,,,,
SHERANI,63,274,161,113,,274,161,113,,,,,
SHERANI,64,275,164,111,,275,164,111,,,,,
SHERANI,65,319,183,136,,319,183,136,,,,,
SHERANI,66,241,146,95,,241,146,95,,,,,
SHERANI,67,161,98,63,,161,98,63,,,,,
SHERANI,68,172,77,95,,172,77,95,,,,,
SHERANI,69,145,76,69,,145,76,69,,,,,
SHERANI,70,298,174,124,,298,174,124,,,,,
SHERANI,71,128,75,53,,128,75,53,,,,,
SHERANI,72,108,66,42,,108,66,42,,,,,
SHERANI,73,116,61,55,,116,61,55,,,,,
SHERANI,74,132,84,48,,132,84,48,,,,,
SHERANI,75 & ABOVE,908,575,333,,908,575,333,,,,,
SIBI,ALL AGES,224148,115033,109110,5,154848,79939,74904,5,69300,35094,34206,
SIBI,BELOW 1,4541,2277,2264,,2936,1436,1500,,1605,841,764,
SIBI,01,8070,4032,4038,,6025,2982,3043,,2045,1050,995,
SIBI,02,9301,4802,4499,,6991,3587,3404,,2310,1215,1095,
SIBI,03,11088,5632,5456,,8162,4195,3967,,2926,1437,1489,
SIBI,04,10434,5470,4964,,7767,4124,3643,,2667,1346,1321,
SIBI,05,8024,4100,3924,,6113,3184,2929,,1911,916,995,
SIBI,06,7577,3848,3729,,5925,3063,2862,,1652,785,867,
SIBI,07,7536,3896,3640,,5637,2957,2680,,1899,939,960,
SIBI,08,7323,3501,3822,,5696,2784,2912,,1627,717,910,
SIBI,09,5719,3194,2525,,4295,2447,1848,,1424,747,677,
SIBI,10,6392,3264,3128,,4939,2558,2381,,1453,706,747,
SIBI,11,5766,2999,2767,,4231,2230,2001,,1535,769,766,
SIBI,12,6201,3154,3047,,4565,2364,2201,,1636,790,846,
SIBI,13,5343,2813,2530,,3743,2022,1721,,1600,791,809,
SIBI,14,5321,2701,2620,,3862,1992,1870,,1459,709,750,
SIBI,15,5168,2700,2468,,3693,1957,1736,,1475,743,732,
SIBI,16,5127,2746,2380,1,3634,1987,1646,1,1493,759,734,
SIBI,17,4763,2543,2220,,3327,1808,1519,,1436,735,701,
SIBI,18,4298,2164,2133,1,3007,1545,1461,1,1291,619,672,
SIBI,19,3819,1986,1833,,2493,1331,1162,,1326,655,671,
SIBI,20,4063,2122,1941,,2759,1482,1277,,1304,640,664,
SIBI,21,3484,1749,1735,,2229,1099,1130,,1255,650,605,
SIBI,22,3606,1762,1844,,2344,1145,1199,,1262,617,645,
SIBI,23,2955,1422,1533,,1892,898,994,,1063,524,539,
SIBI,24,3265,1659,1606,,2145,1099,1046,,1120,560,560,
SIBI,25,3190,1569,1620,1,2081,1019,1061,1,1109,550,559,
SIBI,26,3124,1511,1613,,2022,979,1043,,1102,532,570,
SIBI,27,2986,1527,1459,,1890,965,925,,1096,562,534,
SIBI,28,2969,1432,1537,,1894,925,969,,1075,507,568,
SIBI,29,2661,1348,1313,,1699,860,839,,962,488,474,
SIBI,30,2784,1296,1488,,1815,865,950,,969,431,538,
SIBI,31,2398,1157,1241,,1469,688,781,,929,469,460,
SIBI,32,2481,1203,1278,,1513,732,781,,968,471,497,
SIBI,33,2173,1092,1081,,1314,670,644,,859,422,437,
SIBI,34,2373,1153,1220,,1443,675,768,,930,478,452,
SIBI,35,2419,1187,1232,,1470,728,742,,949,459,490,
SIBI,36,2147,1066,1081,,1338,658,680,,809,408,401,
SIBI,37,2182,1091,1091,,1327,621,706,,855,470,385,
SIBI,38,2303,1148,1155,,1468,721,747,,835,427,408,
SIBI,39,2035,1044,991,,1216,607,609,,819,437,382,
SIBI,40,2301,1148,1153,,1493,740,753,,808,408,400,
SIBI,41,1963,1014,949,,1262,634,628,,701,380,321,
SIBI,42,2266,1176,1090,,1483,766,717,,783,410,373,
SIBI,43,1904,1057,847,,1172,641,531,,732,416,316,
SIBI,44,1855,1000,855,,1144,618,526,,711,382,329,
SIBI,45,1703,867,836,,1062,553,509,,641,314,327,
SIBI,46,1525,852,673,,892,499,393,,633,353,280,
SIBI,47,1477,766,711,,886,437,449,,591,329,262,
SIBI,48,1380,693,687,,879,421,458,,501,272,229,
SIBI,49,1189,611,578,,705,351,354,,484,260,224,
SIBI,50,1427,737,690,,922,477,445,,505,260,245,
SIBI,51,1209,638,571,,744,386,358,,465,252,213,
SIBI,52,1340,705,635,,854,469,385,,486,236,250,
SIBI,53,1227,624,603,,742,385,357,,485,239,246,
SIBI,54,1257,706,551,,760,425,335,,497,281,216,
SIBI,55,1041,540,501,,642,344,298,,399,196,203,
SIBI,56,970,560,410,,550,296,254,,420,264,156,
SIBI,57,835,485,350,,457,255,202,,378,230,148,
SIBI,58,915,550,365,,517,298,219,,398,252,146,
SIBI,59,776,482,294,,436,283,153,,340,199,141,
SIBI,60,838,451,387,,526,290,236,,312,161,151,
SIBI,61,620,371,249,,335,211,124,,285,160,125,
SIBI,62,659,362,297,,396,216,180,,263,146,117,
SIBI,63,577,314,263,,329,167,162,,248,147,101,
SIBI,64,540,299,241,,293,164,129,,247,135,112,
SIBI,65,607,314,292,1,371,197,173,1,236,117,119,
SIBI,66,483,277,206,,250,152,98,,233,125,108,
SIBI,67,428,255,173,,253,152,101,,175,103,72,
SIBI,68,397,211,186,,227,121,106,,170,90,80,
SIBI,69,307,159,148,,162,92,70,,145,67,78,
SIBI,70,465,250,214,1,317,168,148,1,148,82,66,
SIBI,71,305,167,138,,178,100,78,,127,67,60,
SIBI,72,314,160,154,,195,97,98,,119,63,56,
SIBI,73,243,137,106,,145,73,72,,98,64,34,
SIBI,74,219,126,93,,138,75,63,,81,51,30,
SIBI,75 & ABOVE,1177,609,568,,762,397,365,,415,212,203,
SOHBATPUR,ALL AGES,240106,121863,118241,2,225378,114379,110997,2,14728,7484,7244,
SOHBATPUR,BELOW 1,8168,4055,4113,,7628,3791,3837,,540,264,276,
SOHBATPUR,01,10074,5009,5065,,9628,4802,4826,,446,207,239,
SOHBATPUR,02,12154,6166,5988,,11495,5853,5642,,659,313,346,
SOHBATPUR,03,13410,6866,6544,,12725,6519,6206,,685,347,338,
SOHBATPUR,04,13926,7184,6742,,13141,6768,6373,,785,416,369,
SOHBATPUR,05,10001,5156,4845,,9368,4832,4536,,633,324,309,
SOHBATPUR,06,9839,4921,4918,,9241,4616,4625,,598,305,293,
SOHBATPUR,07,9544,4876,4668,,8886,4546,4340,,658,330,328,
SOHBATPUR,08,9369,4492,4877,,8875,4253,4622,,494,239,255,
SOHBATPUR,09,6740,3707,3033,,6221,3414,2807,,519,293,226,
SOHBATPUR,10,7653,3814,3839,,7203,3573,3630,,450,241,209,
SOHBATPUR,11,6476,3350,3126,,5914,3059,2855,,562,291,271,
SOHBATPUR,12,6864,3484,3380,,6387,3259,3128,,477,225,252,
SOHBATPUR,13,5813,3079,2734,,5262,2787,2475,,551,292,259,
SOHBATPUR,14,5749,3005,2743,1,5307,2758,2548,1,442,247,195,
SOHBATPUR,15,4808,2510,2298,,4390,2298,2092,,418,212,206,
SOHBATPUR,16,5127,2704,2423,,4774,2492,2282,,353,212,141,
SOHBATPUR,17,4580,2434,2145,1,4129,2186,1942,1,451,248,203,
SOHBATPUR,18,4211,2144,2067,,4005,2057,1948,,206,87,119,
SOHBATPUR,19,3457,1792,1665,,3239,1686,1553,,218,106,112,
SOHBATPUR,20,3499,1761,1738,,3315,1666,1649,,184,95,89,
SOHBATPUR,21,3151,1557,1594,,2960,1459,1501,,191,98,93,
SOHBATPUR,22,3237,1546,1691,,3061,1454,1607,,176,92,84,
SOHBATPUR,23,2880,1424,1456,,2706,1348,1358,,174,76,98,
SOHBATPUR,24,3236,1676,1560,,3071,1590,1481,,165,86,79,
SOHBATPUR,25,2520,1258,1262,,2397,1207,1190,,123,51,72,
SOHBATPUR,26,2675,1278,1397,,2531,1216,1315,,144,62,82,
SOHBATPUR,27,2491,1240,1251,,2350,1165,1185,,141,75,66,
SOHBATPUR,28,2239,1077,1162,,2109,1017,1092,,130,60,70,
SOHBATPUR,29,2240,1167,1073,,2106,1099,1007,,134,68,66,
SOHBATPUR,30,2044,981,1063,,1967,943,1024,,77,38,39,
SOHBATPUR,31,2326,1129,1197,,2185,1058,1127,,141,71,70,
SOHBATPUR,32,2063,953,1110,,1952,901,1051,,111,52,59,
SOHBATPUR,33,2485,1143,1342,,2317,1064,1253,,168,79,89,
SOHBATPUR,34,2219,1109,1110,,2066,1030,1036,,153,79,74,
SOHBATPUR,35,1908,955,953,,1810,901,909,,98,54,44,
SOHBATPUR,36,1966,972,994,,1853,922,931,,113,50,63,
SOHBATPUR,37,2174,1098,1076,,2081,1050,1031,,93,48,45,
SOHBATPUR,38,1967,966,1001,,1861,913,948,,106,53,53,
SOHBATPUR,39,1721,844,877,,1629,796,833,,92,48,44,
SOHBATPUR,40,1732,828,904,,1654,783,871,,78,45,33,
SOHBATPUR,41,1984,990,994,,1866,934,932,,118,56,62,
SOHBATPUR,42,1925,976,949,,1828,928,900,,97,48,49,
SOHBATPUR,43,2430,1295,1135,,2276,1223,1053,,154,72,82,
SOHBATPUR,44,1650,885,765,,1582,849,733,,68,36,32,
SOHBATPUR,45,1313,709,604,,1241,675,566,,72,34,38,
SOHBATPUR,46,1375,745,630,,1294,696,598,,81,49,32,
SOHBATPUR,47,1315,735,580,,1237,695,542,,78,40,38,
SOHBATPUR,48,1396,739,657,,1319,705,614,,77,34,43,
SOHBATPUR,49,1016,535,481,,951,503,448,,65,32,33,
SOHBATPUR,50,923,442,481,,879,415,464,,44,27,17,
SOHBATPUR,51,1069,457,612,,1007,423,584,,62,34,28,
SOHBATPUR,52,1076,540,536,,1031,514,517,,45,26,19,
SOHBATPUR,53,1422,713,709,,1324,669,655,,98,44,54,
SOHBATPUR,54,867,478,389,,829,453,376,,38,25,13,
SOHBATPUR,55,764,375,389,,717,351,366,,47,24,23,
SOHBATPUR,56,776,420,356,,730,393,337,,46,27,19,
SOHBATPUR,57,826,406,420,,768,380,388,,58,26,32,
SOHBATPUR,58,884,446,438,,816,410,406,,68,36,32,
SOHBATPUR,59,676,389,287,,627,362,265,,49,27,22,
SOHBATPUR,60,649,332,317,,619,315,304,,30,17,13,
SOHBATPUR,61,575,302,273,,539,278,261,,36,24,12,
SOHBATPUR,62,571,305,266,,552,295,257,,19,10,9,
SOHBATPUR,63,791,394,397,,729,373,356,,62,21,41,
SOHBATPUR,64,424,230,194,,392,212,180,,32,18,14,
SOHBATPUR,65,453,229,224,,431,218,213,,22,11,11,
SOHBATPUR,66,330,163,167,,308,151,157,,22,12,10,
SOHBATPUR,67,329,158,171,,305,145,160,,24,13,11,
SOHBATPUR,68,418,184,234,,392,173,219,,26,11,15,
SOHBATPUR,69,293,151,142,,276,145,131,,17,6,11,
SOHBATPUR,70,422,208,214,,408,204,204,,14,4,10,
SOHBATPUR,71,273,149,124,,250,136,114,,23,13,10,
SOHBATPUR,72,280,139,141,,268,132,136,,12,7,5,
SOHBATPUR,73,358,154,204,,333,145,188,,25,9,16,
SOHBATPUR,74,183,98,85,,176,94,82,,7,4,3,
SOHBATPUR,75 & ABOVE,1334,682,652,,1279,654,625,,55,28,27,
SURAB,ALL AGES,279038,141648,137372,18,242570,124517,118035,18,36468,17131,19337,
SURAB,BELOW 1,7663,3899,3764,,6409,3267,3142,,1254,632,622,
SURAB,01,12481,6463,6018,,10598,5593,5005,,1883,870,1013,
SURAB,02,14907,7673,7234,,12692,6607,6085,,2215,1066,1149,
SURAB,03,13929,7167,6762,,11946,6218,5728,,1983,949,1034,
SURAB,04,15290,7724,7566,,13169,6778,6391,,2121,946,1175,
SURAB,05,11012,5622,5390,,9778,5082,4696,,1234,540,694,
SURAB,06,11928,6139,5789,,10519,5514,5005,,1409,625,784,
SURAB,07,9035,4715,4320,,7864,4191,3673,,1171,524,647,
SURAB,08,10690,5084,5606,,9426,4510,4916,,1264,574,690,
SURAB,09,7680,4261,3419,,6840,3844,2996,,840,417,423,
SURAB,10,9198,4611,4587,,8202,4177,4025,,996,434,562,
SURAB,11,7527,3911,3616,,6592,3480,3112,,935,431,504,
SURAB,12,7643,3929,3714,,6831,3579,3252,,812,350,462,
SURAB,13,6198,3237,2961,,5469,2895,2574,,729,342,387,
SURAB,14,6243,3284,2959,,5464,2928,2536,,779,356,423,
SURAB,15,6399,3352,3045,2,5684,3024,2658,2,715,328,387,
SURAB,16,6467,3522,2943,2,5744,3173,2569,2,723,349,374,
SURAB,17,6571,3534,3032,5,5792,3177,2610,5,779,357,422,
SURAB,18,6081,2926,3152,3,5270,2550,2717,3,811,376,435,
SURAB,19,6072,2884,3187,1,5359,2567,2791,1,713,317,396,
SURAB,20,5973,2966,3007,,5281,2642,2639,,692,324,368,
SURAB,21,5026,2317,2709,,4427,2055,2372,,599,262,337,
SURAB,22,4881,2383,2498,,4200,2070,2130,,681,313,368,
SURAB,23,4339,2131,2208,,3828,1943,1885,,511,188,323,
SURAB,24,3878,1847,2031,,3319,1584,1735,,559,263,296,
SURAB,25,4050,2127,1923,,3496,1873,1623,,554,254,300,
SURAB,26,3740,1839,1901,,3188,1577,1611,,552,262,290,
SURAB,27,3085,1506,1579,,2591,1284,1307,,494,222,272,
SURAB,28,3580,1673,1907,,3108,1460,1648,,472,213,259,
SURAB,29,3024,1454,1570,,2602,1236,1366,,422,218,204,
SURAB,30,3122,1585,1535,2,2727,1382,1343,2,395,203,192,
SURAB,31,2437,1096,1341,,2099,929,1170,,338,167,171,
SURAB,32,2493,1193,1299,1,2134,1028,1105,1,359,165,194,
SURAB,33,2463,1095,1366,2,2140,943,1195,2,323,152,171,
SURAB,34,2336,1058,1278,,1982,892,1090,,354,166,188,
SURAB,35,2532,1328,1204,,2205,1168,1037,,327,160,167,
SURAB,36,2406,1239,1167,,2048,1048,1000,,358,191,167,
SURAB,37,2059,1026,1033,,1745,868,877,,314,158,156,
SURAB,38,2416,1161,1255,,2080,984,1096,,336,177,159,
SURAB,39,2103,965,1138,,1834,837,997,,269,128,141,
SURAB,40,2454,1313,1141,,2178,1145,1033,,276,168,108,
SURAB,41,1830,895,935,,1600,788,812,,230,107,123,
SURAB,42,1875,921,954,,1613,795,818,,262,126,136,
SURAB,43,1370,713,657,,1160,613,547,,210,100,110,
SURAB,44,1685,893,792,,1470,770,700,,215,123,92,
SURAB,45,1532,871,661,,1360,777,583,,172,94,78,
SURAB,46,1247,688,559,,1082,601,481,,165,87,78,
SURAB,47,1010,537,473,,859,456,403,,151,81,70,
SURAB,48,1081,547,534,,913,464,449,,168,83,85,
SURAB,49,1028,469,559,,886,402,484,,142,67,75,
SURAB,50,1248,635,613,,1094,563,531,,154,72,82,
SURAB,51,925,423,502,,806,372,434,,119,51,68,
SURAB,52,926,442,484,,776,364,412,,150,78,72,
SURAB,53,820,443,377,,688,375,313,,132,68,64,
SURAB,54,844,388,456,,697,311,386,,147,77,70,
SURAB,55,968,482,486,,831,411,420,,137,71,66,
SURAB,56,822,431,391,,727,379,348,,95,52,43,
SURAB,57,478,247,231,,396,209,187,,82,38,44,
SURAB,58,588,291,297,,486,237,249,,102,54,48,
SURAB,59,607,319,288,,512,267,245,,95,52,43,
SURAB,60,831,476,355,,741,432,309,,90,44,46,
SURAB,61,454,286,168,,368,243,125,,86,43,43,
SURAB,62,455,251,204,,373,201,172,,82,50,32,
SURAB,63,424,217,207,,356,184,172,,68,33,35,
SURAB,64,457,226,231,,387,194,193,,70,32,38,
SURAB,65,529,291,238,,459,256,203,,70,35,35,
SURAB,66,395,224,171,,329,188,141,,66,36,30,
SURAB,67,300,188,112,,242,159,83,,58,29,29,
SURAB,68,283,128,155,,237,102,135,,46,26,20,
SURAB,69,243,116,127,,208,100,108,,35,16,19,
SURAB,70,469,258,211,,412,232,180,,57,26,31,
SURAB,71,208,98,110,,175,85,90,,33,13,20,
SURAB,72,232,134,98,,191,111,80,,41,23,18,
SURAB,73,185,113,72,,150,94,56,,35,19,16,
SURAB,74,183,105,78,,157,90,67,,26,15,11,
SURAB,75 & ABOVE,1095,663,432,,969,590,379,,126,73,53,
WASHUK,ALL AGES,302367,162790,139552,25,261516,141885,119606,25,40851,20905,19946,
WASHUK,BELOW 1,8188,4422,3766,,6784,3734,3050,,1404,688,716,
WASHUK,01,12032,6687,5345,,10147,5749,4398,,1885,938,947,
WASHUK,02,14545,8005,6540,,12468,6955,5513,,2077,1050,1027,
WASHUK,03,14765,7940,6825,,12426,6796,5630,,2339,1144,1195,
WASHUK,04,15244,8366,6878,,13073,7293,5780,,2171,1073,1098,
WASHUK,05,12925,7312,5613,,10960,6294,4666,,1965,1018,947,
WASHUK,06,12485,7020,5465,,10883,6180,4703,,1602,840,762,
WASHUK,07,11007,6025,4982,,9460,5210,4250,,1547,815,732,
WASHUK,08,12063,6439,5624,,10652,5724,4928,,1411,715,696,
WASHUK,09,9512,5568,3944,,8182,4845,3337,,1330,723,607,
WASHUK,10,10115,5723,4392,,8888,5057,3831,,1227,666,561,
WASHUK,11,9364,5109,4255,,8292,4556,3736,,1072,553,519,
WASHUK,12,8591,4951,3640,,7666,4404,3262,,925,547,378,
WASHUK,13,7649,4360,3289,,6684,3827,2857,,965,533,432,
WASHUK,14,7677,4402,3272,3,6822,3918,2901,3,855,484,371,
WASHUK,15,7614,4390,3220,4,6739,3872,2863,4,875,518,357,
WASHUK,16,7795,4263,3531,1,6917,3763,3153,1,878,500,378,
WASHUK,17,9138,5223,3913,2,8312,4781,3529,2,826,442,384,
WASHUK,18,5381,2868,2511,2,4760,2572,2186,2,621,296,325,
WASHUK,19,5281,2713,2568,,4375,2275,2100,,906,438,468,
WASHUK,20,4853,2456,2396,1,4123,2117,2005,1,730,339,391,
WASHUK,21,4437,2136,2300,1,3634,1746,1887,1,803,390,413,
WASHUK,22,4190,1977,2213,,3601,1712,1889,,589,265,324,
WASHUK,23,3875,1807,2066,2,3223,1504,1717,2,652,303,349,
WASHUK,24,3708,1672,2036,,3173,1430,1743,,535,242,293,
WASHUK,25,4194,2240,1952,2,3531,1893,1636,2,663,347,316,
WASHUK,26,3767,1845,1921,1,3137,1552,1584,1,630,293,337,
WASHUK,27,3125,1553,1572,,2635,1321,1314,,490,232,258,
WASHUK,28,3671,1810,1861,,3251,1599,1652,,420,211,209,
WASHUK,29,3696,1751,1944,1,3140,1481,1658,1,556,270,286,
WASHUK,30,3664,1843,1821,,3178,1592,1586,,486,251,235,
WASHUK,31,2850,1243,1607,,2423,1042,1381,,427,201,226,
WASHUK,32,2753,1279,1474,,2330,1081,1249,,423,198,225,
WASHUK,33,2410,1173,1237,,2135,1031,1104,,275,142,133,
WASHUK,34,2617,1205,1411,1,2239,1023,1215,1,378,182,196,
WASHUK,35,2944,1540,1404,,2623,1374,1249,,321,166,155,
WASHUK,36,2545,1203,1342,,2210,1020,1190,,335,183,152,
WASHUK,37,2237,1107,1130,,1986,987,999,,251,120,131,
WASHUK,38,2590,1261,1329,,2336,1126,1210,,254,135,119,
WASHUK,39,2521,1199,1322,,2243,1065,1178,,278,134,144,
WASHUK,40,2818,1554,1263,1,2538,1406,1131,1,280,148,132,
WASHUK,41,2029,1106,923,,1818,999,819,,211,107,104,
WASHUK,42,1878,1000,878,,1632,876,756,,246,124,122,
WASHUK,43,1415,793,622,,1246,695,551,,169,98,71,
WASHUK,44,1720,911,809,,1550,831,719,,170,80,90,
WASHUK,45,1743,958,784,1,1574,871,702,1,169,87,82,
WASHUK,46,1405,745,660,,1227,649,578,,178,96,82,
WASHUK,47,1217,661,556,,1066,579,487,,151,82,69,
WASHUK,48,1285,629,656,,1138,558,580,,147,71,76,
WASHUK,49,1274,561,713,,1093,487,606,,181,74,107,
WASHUK,50,1499,825,672,2,1336,742,592,2,163,83,80,
WASHUK,51,1051,538,513,,888,449,439,,163,89,74,
WASHUK,52,1019,545,474,,894,483,411,,125,62,63,
WASHUK,53,853,468,385,,716,410,306,,137,58,79,
WASHUK,54,950,492,458,,819,429,390,,131,63,68,
WASHUK,55,1015,487,528,,892,425,467,,123,62,61,
WASHUK,56,878,474,404,,735,400,335,,143,74,69,
WASHUK,57,514,279,235,,428,232,196,,86,47,39,
WASHUK,58,725,386,339,,637,346,291,,88,40,48,
WASHUK,59,730,378,352,,623,327,296,,107,51,56,
WASHUK,60,975,551,424,,861,495,366,,114,56,58,
WASHUK,61,541,317,224,,448,267,181,,93,50,43,
WASHUK,62,526,296,230,,445,259,186,,81,37,44,
WASHUK,63,531,318,213,,447,269,178,,84,49,35,
WASHUK,64,523,313,210,,437,267,170,,86,46,40,
WASHUK,65,640,378,262,,554,321,233,,86,57,29,
WASHUK,66,339,185,154,,282,155,127,,57,30,27,
WASHUK,67,277,177,100,,222,145,77,,55,32,23,
WASHUK,68,402,220,182,,337,186,151,,65,34,31,
WASHUK,69,342,174,168,,285,146,139,,57,28,29,
WASHUK,70,564,335,229,,493,300,193,,71,35,36,
WASHUK,71,276,159,117,,217,126,91,,59,33,26,
WASHUK,72,229,131,98,,193,111,82,,36,20,16,
WASHUK,73,178,110,68,,147,90,57,,31,20,11,
WASHUK,74,246,162,84,,200,136,64,,46,26,20,
WASHUK,75 & ABOVE,1742,1088,654,,1457,917,540,,285,171,114,
ZHOB,ALL AGES,355556,192137,163414,5,308655,166733,141917,5,46901,25404,21497,
ZHOB,BELOW 1,11411,6132,5279,,9670,5280,4390,,1741,852,889,
ZHOB,01,16672,9324,7348,,14497,8121,6376,,2175,1203,972,
ZHOB,02,19336,10451,8885,,16789,9105,7684,,2547,1346,1201,
ZHOB,03,21047,11684,9363,,18146,10089,8057,,2901,1595,1306,
ZHOB,04,21718,11994,9724,,18858,10408,8450,,2860,1586,1274,
ZHOB,05,15121,8383,6738,,13170,7339,5831,,1951,1044,907,
ZHOB,06,15076,8117,6959,,13559,7281,6278,,1517,836,681,
ZHOB,07,13766,7585,6181,,12090,6673,5417,,1676,912,764,
ZHOB,08,13770,7180,6590,,12332,6425,5907,,1438,755,683,
ZHOB,09,11183,6675,4508,,9856,5872,3984,,1327,803,524,
ZHOB,10,11687,6533,5154,,10379,5817,4562,,1308,716,592,
ZHOB,11,11279,6351,4928,,9989,5581,4408,,1290,770,520,
ZHOB,12,10220,5766,4454,,8986,5058,3928,,1234,708,526,
ZHOB,13,9281,5255,4026,,8138,4598,3540,,1143,657,486,
ZHOB,14,8647,4824,3822,1,7583,4188,3394,1,1064,636,428,
ZHOB,15,8003,4579,3422,2,6954,3962,2990,2,1049,617,432,
ZHOB,16,7420,4231,3188,1,6529,3711,2817,1,891,520,371,
ZHOB,17,6133,3390,2743,,5315,2941,2374,,818,449,369,
ZHOB,18,6258,3480,2777,1,5474,3051,2422,1,784,429,355,
ZHOB,19,5421,2821,2600,,4688,2440,2248,,733,381,352,
ZHOB,20,5240,2846,2394,,4517,2478,2039,,723,368,355,
ZHOB,21,4423,2197,2226,,3785,1872,1913,,638,325,313,
ZHOB,22,4541,2242,2299,,3756,1865,1891,,785,377,408,
ZHOB,23,3975,1923,2052,,3426,1663,1763,,549,260,289,
ZHOB,24,3944,1888,2056,,3371,1603,1768,,573,285,288,
ZHOB,25,3892,1945,1947,,3312,1649,1663,,580,296,284,
ZHOB,26,3778,1815,1963,,3266,1567,1699,,512,248,264,
ZHOB,27,3607,1855,1752,,3062,1579,1483,,545,276,269,
ZHOB,28,3518,1756,1762,,2947,1472,1475,,571,284,287,
ZHOB,29,3413,1676,1737,,2940,1416,1524,,473,260,213,
ZHOB,30,3415,1689,1726,,2902,1443,1459,,513,246,267,
ZHOB,31,3334,1541,1793,,2867,1302,1565,,467,239,228,
ZHOB,32,3398,1530,1868,,2850,1262,1588,,548,268,280,
ZHOB,33,3469,1546,1923,,3017,1308,1709,,452,238,214,
ZHOB,34,3065,1534,1531,,2620,1295,1325,,445,239,206,
ZHOB,35,2931,1505,1426,,2460,1252,1208,,471,253,218,
ZHOB,36,2689,1366,1323,,2349,1187,1162,,340,179,161,
ZHOB,37,2774,1427,1347,,2383,1229,1154,,391,198,193,
ZHOB,38,2763,1410,1353,,2362,1189,1173,,401,221,180,
ZHOB,39,2464,1291,1173,,2126,1109,1017,,338,182,156,
ZHOB,40,2564,1331,1233,,2198,1147,1051,,366,184,182,
ZHOB,41,2023,1059,964,,1736,906,830,,287,153,134,
ZHOB,42,2218,1102,1116,,1867,931,936,,351,171,180,
ZHOB,43,2051,1096,955,,1762,936,826,,289,160,129,
ZHOB,44,2011,1094,917,,1685,908,777,,326,186,140,
ZHOB,45,1775,954,821,,1477,779,698,,298,175,123,
ZHOB,46,1552,813,739,,1302,676,626,,250,137,113,
ZHOB,47,1594,824,770,,1338,685,653,,256,139,117,
ZHOB,48,1492,703,789,,1267,596,671,,225,107,118,
ZHOB,49,1286,618,668,,1099,523,576,,187,95,92,
ZHOB,50,1525,786,739,,1291,668,623,,234,118,116,
ZHOB,51,1272,658,614,,1086,562,524,,186,96,90,
ZHOB,52,1361,705,656,,1136,590,546,,225,115,110,
ZHOB,53,1468,770,698,,1295,683,612,,173,87,86,
ZHOB,54,1176,646,530,,1005,552,453,,171,94,77,
ZHOB,55,1280,676,604,,1058,556,502,,222,120,102,
ZHOB,56,1096,623,473,,948,538,410,,148,85,63,
ZHOB,57,944,522,422,,803,442,361,,141,80,61,
ZHOB,58,1031,594,437,,874,494,380,,157,100,57,
ZHOB,59,932,568,364,,768,463,305,,164,105,59,
ZHOB,60,1058,595,463,,898,502,396,,160,93,67,
ZHOB,61,684,419,265,,593,362,231,,91,57,34,
ZHOB,62,768,412,356,,650,352,298,,118,60,58,
ZHOB,63,801,447,354,,707,393,314,,94,54,40,
ZHOB,64,698,420,278,,596,361,235,,102,59,43,
ZHOB,65,749,447,302,,635,375,260,,114,72,42,
ZHOB,66,511,303,208,,425,250,175,,86,53,33,
ZHOB,67,447,278,169,,397,242,155,,50,36,14,
ZHOB,68,416,226,190,,362,195,167,,54,31,23,
ZHOB,69,421,225,196,,378,201,177,,43,24,19,
ZHOB,70,643,364,279,,562,326,236,,81,38,43,
ZHOB,71,372,199,173,,310,166,144,,62,33,29,
ZHOB,72,346,201,145,,299,175,124,,47,26,21,
ZHOB,73,350,187,163,,290,157,133,,60,30,30,
ZHOB,74,325,205,120,,291,183,108,,34,22,12,
ZHOB,75 & ABOVE,2234,1330,904,,1947,1178,769,,287,152,135,
ZIARAT,ALL AGES,189535,96172,93355,8,140133,70760,69367,6,49402,25412,23988,2
ZIARAT,BELOW 1,6801,3402,3399,,5431,2684,2747,,1370,718,652,
ZIARAT,01,7715,3925,3790,,5825,2949,2876,,1890,976,914,
ZIARAT,02,9061,4627,4434,,6949,3520,3429,,2112,1107,1005,
ZIARAT,03,9676,5023,4653,,7285,3763,3522,,2391,1260,1131,
ZIARAT,04,10169,5184,4985,,7773,3953,3820,,2396,1231,1165,
ZIARAT,05,7789,3956,3833,,5609,2829,2780,,2180,1127,1053,
ZIARAT,06,7645,3817,3828,,5578,2801,2777,,2067,1016,1051,
ZIARAT,07,7260,3761,3499,,5240,2714,2526,,2020,1047,973,
ZIARAT,08,6920,3353,3567,,5065,2451,2614,,1855,902,953,
ZIARAT,09,5869,3292,2577,,4201,2396,1805,,1668,896,772,
ZIARAT,10,5809,2983,2826,,4263,2188,2075,,1546,795,751,
ZIARAT,11,5736,3003,2733,,4213,2211,2002,,1523,792,731,
ZIARAT,12,5313,2721,2592,,3853,1980,1873,,1460,741,719,
ZIARAT,13,4965,2526,2439,,3633,1861,1772,,1332,665,667,
ZIARAT,14,4630,2349,2278,3,3369,1715,1652,2,1261,634,626,1
ZIARAT,15,4266,2197,2067,2,3089,1588,1500,1,1177,609,567,1
ZIARAT,16,4249,2189,2059,1,3151,1617,1533,1,1098,572,526,
ZIARAT,17,3310,1703,1607,,2374,1222,1152,,936,481,455,
ZIARAT,18,3475,1830,1645,,2453,1283,1170,,1022,547,475,
ZIARAT,19,3215,1666,1549,,2258,1142,1116,,957,524,433,
ZIARAT,20,2992,1568,1424,,2157,1091,1066,,835,477,358,
ZIARAT,21,2840,1432,1408,,2064,992,1072,,776,440,336,
ZIARAT,22,2679,1249,1430,,1882,839,1043,,797,410,387,
ZIARAT,23,2491,1188,1303,,1890,859,1031,,601,329,272,
ZIARAT,24,2369,1168,1201,,1784,847,937,,585,321,264,
ZIARAT,25,1995,976,1019,,1447,692,755,,548,284,264,
ZIARAT,26,2362,1187,1175,,1778,901,877,,584,286,298,
ZIARAT,27,2170,1091,1079,,1572,782,790,,598,309,289,
ZIARAT,28,1930,990,940,,1436,721,715,,494,269,225,
ZIARAT,29,1867,890,977,,1395,668,727,,472,222,250,
ZIARAT,30,1614,752,862,,1194,563,631,,420,189,231,
ZIARAT,31,1978,856,1122,,1465,623,842,,513,233,280,
ZIARAT,32,1899,882,1017,,1402,646,756,,497,236,261,
ZIARAT,33,2035,922,1113,,1537,672,865,,498,250,248,
ZIARAT,34,1798,854,944,,1323,627,696,,475,227,248,
ZIARAT,35,1403,698,705,,1016,507,509,,387,191,196,
ZIARAT,36,1730,802,928,,1268,580,688,,462,222,240,
ZIARAT,37,1692,813,879,,1226,594,632,,466,219,247,
ZIARAT,38,1454,702,752,,1069,514,555,,385,188,197,
ZIARAT,39,1456,732,724,,1103,543,560,,353,189,164,
ZIARAT,40,1303,651,652,,969,488,481,,334,163,171,
ZIARAT,41,1541,799,742,,1160,613,547,,381,186,195,
ZIARAT,42,1476,704,772,,1098,519,579,,378,185,193,
ZIARAT,43,1555,816,739,,1162,600,562,,393,216,177,
ZIARAT,44,1305,673,632,,966,509,457,,339,164,175,
ZIARAT,45,904,499,405,,657,371,286,,247,128,119,
ZIARAT,46,978,513,465,,717,371,346,,261,142,119,
ZIARAT,47,970,492,478,,689,358,331,,281,134,147,
ZIARAT,48,899,454,445,,668,328,340,,231,126,105,
ZIARAT,49,704,341,363,,514,247,267,,190,94,96,
ZIARAT,50,723,361,362,,521,257,264,,202,104,98,
ZIARAT,51,798,377,421,,604,281,323,,194,96,98,
ZIARAT,52,946,467,479,,684,342,342,,262,125,137,
ZIARAT,53,946,497,449,,703,360,343,,243,137,106,
ZIARAT,54,739,392,347,,544,298,246,,195,94,101,
ZIARAT,55,639,324,315,,469,240,229,,170,84,86,
ZIARAT,56,637,356,281,,439,243,196,,198,113,85,
ZIARAT,57,606,326,280,,430,236,194,,176,90,86,
ZIARAT,58,597,336,261,,438,238,200,,159,98,61,
ZIARAT,59,529,313,216,,401,240,161,,128,73,55,
ZIARAT,60,523,275,248,,387,203,184,,136,72,64,
ZIARAT,61,426,245,181,,330,192,138,,96,53,43,
ZIARAT,62,485,243,242,,346,177,169,,139,66,73,
ZIARAT,63,473,243,230,,378,191,187,,95,52,43,
ZIARAT,64,421,231,190,,311,173,138,,110,58,52,
ZIARAT,65,426,237,189,,329,186,143,,97,51,46,
ZIARAT,66,351,177,173,1,274,144,129,1,77,33,44,
ZIARAT,67,298,174,124,,228,130,98,,70,44,26,
ZIARAT,68,275,133,142,,224,106,118,,51,27,24,
ZIARAT,69,269,135,134,,198,95,103,,71,40,31,
ZIARAT,70,349,188,161,,267,149,118,,82,39,43,
ZIARAT,71,252,116,136,,204,95,109,,48,21,27,
ZIARAT,72,212,109,103,,154,81,73,,58,28,30,
ZIARAT,73,207,109,98,,162,84,78,,45,25,20,
ZIARAT,74,156,93,63,,123,77,46,,33,16,17,
ZIARAT,75 & ABOVE,990,514,475,1,765,410,354,1,225,104,121,
