name_admin_unit,part_of_district,admin_unit,disab_func_lim,all_sexes_overall,male_overall,female_overall,all_sexes_rural,male_rural,female_rural,all_sexes_urban,male_urban,female_urban
PUNJAB,,PROVINCE,Population,127333305,65291680,62041625,75620438,38584696,37035742,51712867,26706984,25005883
PUNJAB,,PROVINCE,Disability,4487038,2488776,1998262,2787830,1533173,1254657,1699208,955603,743605
PUNJAB,,PROVINCE,Functional limitation,13507697,7142499,6365198,8068689,4248166,3820523,5439008,2894333,2544675
PUNJAB,,PROVINCE,Seeing,2463045,1301675,1161370,1485931,782564,703367,977114,519111,458003
PUNJAB,,PROVINCE,Hearing,2759390,1452948,1306442,1648719,865624,783095,1110671,587324,523347
PUNJAB,,PROVINCE,Walking/ Climbing,4337871,2329378,2008493,2599348,1391622,1207726,1738523,937756,800767
PUNJAB,,PROVINCE,Communication,1511716,830546,681170,925230,507867,417363,586486,322679,263807
PUNJAB,,PROVINCE,Memorization/ Focus,2037298,1092268,945030,1230806,657394,573412,806492,434874,371618
PUNJAB,,PROVINCE,Self care etc,1548468,810486,737982,914429,474143,440286,634039,336343,297696
ATTOCK,ATTOCK,DISTRICT,Population,2133005,1071774,1061231,1546356,775757,770599,586649,296017,290632
ATTOCK,ATTOCK,DISTRICT,Disability,91912,49319,42593,70933,37665,33268,20979,11654,9325
ATTOCK,ATTOCK,DISTRICT,Functional limitation,220659,106155,114504,167087,79891,87196,53572,26264,27308
ATTOCK,ATTOCK,DISTRICT,Seeing,41161,19794,21367,31034,14990,16044,10127,4804,5323
ATTOCK,ATTOCK,DISTRICT,Hearing,43115,20354,22761,32349,15282,17067,10766,5072,5694
ATTOCK,ATTOCK,DISTRICT,Walking/ Climbing,74888,37106,37782,56150,27675,28475,18738,9431,9307
ATTOCK,ATTOCK,DISTRICT,Communication,26930,13789,13141,20561,10441,10120,6369,3348,3021
ATTOCK,ATTOCK,DISTRICT,Memorization/ Focus,34328,17069,17259,25932,12744,13188,8396,4325,4071
ATTOCK,ATTOCK,DISTRICT,Self care etc,25066,11936,13130,19102,8937,10165,5964,2999,2965
ATTOCK,ATTOCK,TEHSIL,Population,479094,241734,237360,226155,114313,111842,252939,127421,125518
ATTOCK,ATTOCK,TEHSIL,Disability,20861,11504,9357,11290,6249,5041,9571,5255,4316
ATTOCK,ATTOCK,TEHSIL,Functional limitation,46794,23105,23689,23774,11817,11957,23020,11288,11732
ATTOCK,ATTOCK,TEHSIL,Seeing,8504,4186,4318,4288,2131,2157,4216,2055,2161
ATTOCK,ATTOCK,TEHSIL,Hearing,8841,4266,4575,4308,2103,2205,4533,2163,2370
ATTOCK,ATTOCK,TEHSIL,Walking/ Climbing,16587,8431,8156,8365,4303,4062,8222,4128,4094
ATTOCK,ATTOCK,TEHSIL,Communication,5724,3047,2677,2844,1546,1298,2880,1501,1379
ATTOCK,ATTOCK,TEHSIL,Memorization/ Focus,7252,3699,3553,3509,1803,1706,3743,1896,1847
ATTOCK,ATTOCK,TEHSIL,Self care etc,5401,2651,2750,2745,1354,1391,2656,1297,1359
FATEH JANG,ATTOCK,TEHSIL,Population,374726,189300,185426,293405,148268,145137,81321,41032,40289
FATEH JANG,ATTOCK,TEHSIL,Disability,16068,8772,7296,13596,7411,6185,2472,1361,1111
FATEH JANG,ATTOCK,TEHSIL,Functional limitation,39580,19227,20353,32532,15810,16722,7048,3417,3631
FATEH JANG,ATTOCK,TEHSIL,Seeing,7381,3577,3804,5666,2730,2936,1715,847,868
FATEH JANG,ATTOCK,TEHSIL,Hearing,7564,3581,3983,6226,2953,3273,1338,628,710
FATEH JANG,ATTOCK,TEHSIL,Walking/ Climbing,13814,6895,6919,11278,5625,5653,2536,1270,1266
FATEH JANG,ATTOCK,TEHSIL,Communication,4895,2513,2382,4015,2075,1940,880,438,442
FATEH JANG,ATTOCK,TEHSIL,Memorization/ Focus,6081,3042,3039,4960,2503,2457,1121,539,582
FATEH JANG,ATTOCK,TEHSIL,Self care etc,4449,2142,2307,3782,1831,1951,667,311,356
HASAN ABDAL,ATTOCK,TEHSIL,Population,253435,128996,124439,184082,93490,90592,69353,35506,33847
HASAN ABDAL,ATTOCK,TEHSIL,Disability,16366,8982,7384,13194,7107,6087,3172,1875,1297
HASAN ABDAL,ATTOCK,TEHSIL,Functional limitation,29979,15147,14832,23198,11607,11591,6781,3540,3241
HASAN ABDAL,ATTOCK,TEHSIL,Seeing,5568,2735,2833,4458,2297,2161,1110,438,672
HASAN ABDAL,ATTOCK,TEHSIL,Hearing,6184,2982,3202,4686,2319,2367,1498,663,835
HASAN ABDAL,ATTOCK,TEHSIL,Walking/ Climbing,7480,3787,3693,5533,2726,2807,1947,1061,886
HASAN ABDAL,ATTOCK,TEHSIL,Communication,3977,2204,1773,3205,1763,1442,772,441,331
HASAN ABDAL,ATTOCK,TEHSIL,Memorization/ Focus,4763,2609,2154,3714,1955,1759,1049,654,395
HASAN ABDAL,ATTOCK,TEHSIL,Self care etc,3990,2023,1967,3194,1515,1679,796,508,288
HAZRO,ATTOCK,TEHSIL,Population,386544,195019,191525,323572,163258,160314,62972,31761,31211
HAZRO,ATTOCK,TEHSIL,Disability,13853,7606,6247,12117,6655,5462,1736,951,785
HAZRO,ATTOCK,TEHSIL,Functional limitation,36135,17570,18565,30644,14955,15689,5491,2615,2876
HAZRO,ATTOCK,TEHSIL,Seeing,7098,3440,3658,6089,2961,3128,1009,479,530
HAZRO,ATTOCK,TEHSIL,Hearing,7008,3310,3698,5887,2786,3101,1121,524,597
HAZRO,ATTOCK,TEHSIL,Walking/ Climbing,13015,6511,6504,11040,5530,5510,1975,981,994
HAZRO,ATTOCK,TEHSIL,Communication,4175,2164,2011,3591,1862,1729,584,302,282
HAZRO,ATTOCK,TEHSIL,Memorization/ Focus,5575,2779,2796,4751,2382,2369,824,397,427
HAZRO,ATTOCK,TEHSIL,Self care etc,3927,1880,2047,3317,1588,1729,610,292,318
JAND,ATTOCK,TEHSIL,Population,330328,162889,167439,274074,135161,138913,56254,27728,28526
JAND,ATTOCK,TEHSIL,Disability,13222,6940,6282,10913,5710,5203,2309,1230,1079
JAND,ATTOCK,TEHSIL,Functional limitation,35845,16580,19265,30199,13903,16296,5646,2677,2969
JAND,ATTOCK,TEHSIL,Seeing,6844,3128,3716,5831,2658,3173,1013,470,543
JAND,ATTOCK,TEHSIL,Hearing,7180,3298,3882,6095,2772,3323,1085,526,559
JAND,ATTOCK,TEHSIL,Walking/ Climbing,12933,6145,6788,10887,5161,5726,2046,984,1062
JAND,ATTOCK,TEHSIL,Communication,4121,2090,2031,3453,1740,1713,668,350,318
JAND,ATTOCK,TEHSIL,Memorization/ Focus,5464,2659,2805,4603,2222,2381,861,437,424
JAND,ATTOCK,TEHSIL,Self care etc,3767,1713,2054,3140,1419,1721,627,294,333
PINDI GHEB,ATTOCK,TEHSIL,Population,308878,153836,155042,245068,121267,123801,63810,32569,31241
PINDI GHEB,ATTOCK,TEHSIL,Disability,11542,5515,6027,9823,4533,5290,1719,982,737
PINDI GHEB,ATTOCK,TEHSIL,Functional limitation,32326,14526,17800,26740,11799,14941,5586,2727,2859
PINDI GHEB,ATTOCK,TEHSIL,Seeing,5766,2728,3038,4702,2213,2489,1064,515,549
PINDI GHEB,ATTOCK,TEHSIL,Hearing,6338,2917,3421,5147,2349,2798,1191,568,623
PINDI GHEB,ATTOCK,TEHSIL,Walking/ Climbing,11059,5337,5722,9047,4330,4717,2012,1007,1005
PINDI GHEB,ATTOCK,TEHSIL,Communication,4038,1771,2267,3453,1455,1998,585,316,269
PINDI GHEB,ATTOCK,TEHSIL,Memorization/ Focus,5193,2281,2912,4395,1879,2516,798,402,396
PINDI GHEB,ATTOCK,TEHSIL,Self care etc,3532,1527,2005,2924,1230,1694,608,297,311
BAHAWALNAGAR,BAHAWALNAGAR,DISTRICT,Population,3544911,1843258,1701653,2571296,1337050,1234246,973615,506208,467407
BAHAWALNAGAR,BAHAWALNAGAR,DISTRICT,Disability,148459,78310,70149,109352,58127,51225,39107,20183,18924
BAHAWALNAGAR,BAHAWALNAGAR,DISTRICT,Functional limitation,341006,178141,162865,249185,130575,118610,91821,47566,44255
BAHAWALNAGAR,BAHAWALNAGAR,DISTRICT,Seeing,61733,32465,29268,45616,24033,21583,16117,8432,7685
BAHAWALNAGAR,BAHAWALNAGAR,DISTRICT,Hearing,66741,35151,31590,49379,26056,23323,17362,9095,8267
BAHAWALNAGAR,BAHAWALNAGAR,DISTRICT,Walking/ Climbing,116775,61814,54961,84868,44993,39875,31907,16821,15086
BAHAWALNAGAR,BAHAWALNAGAR,DISTRICT,Communication,42506,23261,19245,30786,16871,13915,11720,6390,5330
BAHAWALNAGAR,BAHAWALNAGAR,DISTRICT,Memorization/ Focus,52563,27951,24612,38289,20432,17857,14274,7519,6755
BAHAWALNAGAR,BAHAWALNAGAR,DISTRICT,Self care etc,38923,19886,19037,28272,14633,13639,10651,5253,5398
BAHAWALNAGAR,BAHAWALNAGAR,TEHSIL,Population,973483,507908,465575,692476,361273,331203,281007,146635,134372
BAHAWALNAGAR,BAHAWALNAGAR,TEHSIL,Disability,38885,20634,18251,26028,13982,12046,12857,6652,6205
BAHAWALNAGAR,BAHAWALNAGAR,TEHSIL,Functional limitation,89795,46817,42978,61769,32366,29403,28026,14451,13575
BAHAWALNAGAR,BAHAWALNAGAR,TEHSIL,Seeing,16701,8657,8044,11885,6161,5724,4816,2496,2320
BAHAWALNAGAR,BAHAWALNAGAR,TEHSIL,Hearing,17164,8963,8201,12058,6323,5735,5106,2640,2466
BAHAWALNAGAR,BAHAWALNAGAR,TEHSIL,Walking/ Climbing,32922,17402,15520,22949,12173,10776,9973,5229,4744
BAHAWALNAGAR,BAHAWALNAGAR,TEHSIL,Communication,10798,5994,4804,7400,4154,3246,3398,1840,1558
BAHAWALNAGAR,BAHAWALNAGAR,TEHSIL,Memorization/ Focus,13422,7087,6335,9241,4892,4349,4181,2195,1986
BAHAWALNAGAR,BAHAWALNAGAR,TEHSIL,Self care etc,10053,5086,4967,6735,3422,3313,3318,1664,1654
CHISHTIAN,BAHAWALNAGAR,TEHSIL,Population,843342,437489,405853,614192,318950,295242,229150,118539,110611
CHISHTIAN,BAHAWALNAGAR,TEHSIL,Disability,36619,19724,16895,25637,13983,11654,10982,5741,5241
CHISHTIAN,BAHAWALNAGAR,TEHSIL,Functional limitation,83265,43968,39297,59497,31597,27900,23768,12371,11397
CHISHTIAN,BAHAWALNAGAR,TEHSIL,Seeing,14316,7645,6671,10273,5494,4779,4043,2151,1892
CHISHTIAN,BAHAWALNAGAR,TEHSIL,Hearing,15735,8363,7372,11368,6052,5316,4367,2311,2056
CHISHTIAN,BAHAWALNAGAR,TEHSIL,Walking/ Climbing,29447,15634,13813,21043,11240,9803,8404,4394,4010
CHISHTIAN,BAHAWALNAGAR,TEHSIL,Communication,9983,5484,4499,7008,3878,3130,2975,1606,1369
CHISHTIAN,BAHAWALNAGAR,TEHSIL,Memorization/ Focus,12383,6673,5710,8715,4713,4002,3668,1960,1708
CHISHTIAN,BAHAWALNAGAR,TEHSIL,Self care etc,9551,5085,4466,6757,3663,3094,2794,1422,1372
FORT ABBAS,BAHAWALNAGAR,TEHSIL,Population,509974,266109,243865,375999,195875,180124,133975,70234,63741
FORT ABBAS,BAHAWALNAGAR,TEHSIL,Disability,34357,18012,16345,28798,15159,13639,5559,2853,2706
FORT ABBAS,BAHAWALNAGAR,TEHSIL,Functional limitation,61790,32421,29369,49444,25988,23456,12346,6433,5913
FORT ABBAS,BAHAWALNAGAR,TEHSIL,Seeing,10669,5678,4991,8521,4596,3925,2148,1082,1066
FORT ABBAS,BAHAWALNAGAR,TEHSIL,Hearing,11951,6555,5396,9658,5287,4371,2293,1268,1025
FORT ABBAS,BAHAWALNAGAR,TEHSIL,Walking/ Climbing,17237,9140,8097,13486,7121,6365,3751,2019,1732
FORT ABBAS,BAHAWALNAGAR,TEHSIL,Communication,9067,4743,4324,6926,3553,3373,2141,1190,951
FORT ABBAS,BAHAWALNAGAR,TEHSIL,Memorization/ Focus,10354,5507,4847,8309,4390,3919,2045,1117,928
FORT ABBAS,BAHAWALNAGAR,TEHSIL,Self care etc,7886,4024,3862,6283,3344,2939,1603,680,923
HAROONABAD,BAHAWALNAGAR,TEHSIL,Population,614987,317641,297346,403740,208195,195545,211247,109446,101801
HAROONABAD,BAHAWALNAGAR,TEHSIL,Disability,20384,10370,10014,13984,7131,6853,6400,3239,3161
HAROONABAD,BAHAWALNAGAR,TEHSIL,Functional limitation,56616,29043,27573,38256,19566,18690,18360,9477,8883
HAROONABAD,BAHAWALNAGAR,TEHSIL,Seeing,10045,5254,4791,6753,3504,3249,3292,1750,1542
HAROONABAD,BAHAWALNAGAR,TEHSIL,Hearing,11446,5933,5513,7805,4014,3791,3641,1919,1722
HAROONABAD,BAHAWALNAGAR,TEHSIL,Walking/ Climbing,19916,10412,9504,13494,7035,6459,6422,3377,3045
HAROONABAD,BAHAWALNAGAR,TEHSIL,Communication,6669,3624,3045,4547,2453,2094,2122,1171,951
HAROONABAD,BAHAWALNAGAR,TEHSIL,Memorization/ Focus,8902,4577,4325,5933,3093,2840,2969,1484,1485
HAROONABAD,BAHAWALNAGAR,TEHSIL,Self care etc,6349,3116,3233,4356,2102,2254,1993,1014,979
MINCHINABAD,BAHAWALNAGAR,TEHSIL,Population,603125,314111,289014,484889,252757,232132,118236,61354,56882
MINCHINABAD,BAHAWALNAGAR,TEHSIL,Disability,18214,9570,8644,14905,7872,7033,3309,1698,1611
MINCHINABAD,BAHAWALNAGAR,TEHSIL,Functional limitation,49540,25892,23648,40219,21058,19161,9321,4834,4487
MINCHINABAD,BAHAWALNAGAR,TEHSIL,Seeing,10002,5231,4771,8184,4278,3906,1818,953,865
MINCHINABAD,BAHAWALNAGAR,TEHSIL,Hearing,10445,5337,5108,8490,4380,4110,1955,957,998
MINCHINABAD,BAHAWALNAGAR,TEHSIL,Walking/ Climbing,17253,9226,8027,13896,7424,6472,3357,1802,1555
MINCHINABAD,BAHAWALNAGAR,TEHSIL,Communication,5989,3416,2573,4905,2833,2072,1084,583,501
MINCHINABAD,BAHAWALNAGAR,TEHSIL,Memorization/ Focus,7502,4107,3395,6091,3344,2747,1411,763,648
MINCHINABAD,BAHAWALNAGAR,TEHSIL,Self care etc,5084,2575,2509,4141,2102,2039,943,473,470
BAHAWALPUR,BAHAWALPUR,DISTRICT,Population,4264457,2165627,2098830,2662487,1350283,1312204,1601970,815344,786626
BAHAWALPUR,BAHAWALPUR,DISTRICT,Disability,157181,93363,63818,105071,61916,43155,52110,31447,20663
BAHAWALPUR,BAHAWALPUR,DISTRICT,Functional limitation,356787,200913,155874,228708,128111,100597,128079,72802,55277
BAHAWALPUR,BAHAWALPUR,DISTRICT,Seeing,64455,35869,28586,41152,22856,18296,23303,13013,10290
BAHAWALPUR,BAHAWALPUR,DISTRICT,Hearing,71063,39437,31626,45315,25081,20234,25748,14356,11392
BAHAWALPUR,BAHAWALPUR,DISTRICT,Walking/ Climbing,119861,68642,51219,75441,42773,32668,44420,25869,18551
BAHAWALPUR,BAHAWALPUR,DISTRICT,Communication,45760,26380,19380,29842,17075,12767,15918,9305,6613
BAHAWALPUR,BAHAWALPUR,DISTRICT,Memorization/ Focus,57082,32213,24869,37249,20938,16311,19833,11275,8558
BAHAWALPUR,BAHAWALPUR,DISTRICT,Self care etc,41482,23364,18118,26929,15217,11712,14553,8147,6406
AHMADPUR EAST,BAHAWALPUR,TEHSIL,Population,1307408,666086,641322,958833,488307,470526,348575,177779,170796
AHMADPUR EAST,BAHAWALPUR,TEHSIL,Disability,39002,23131,15871,27705,16396,11309,11297,6735,4562
AHMADPUR EAST,BAHAWALPUR,TEHSIL,Functional limitation,94134,52223,41911,67685,37398,30287,26449,14825,11624
AHMADPUR EAST,BAHAWALPUR,TEHSIL,Seeing,17539,9570,7969,12591,6837,5754,4948,2733,2215
AHMADPUR EAST,BAHAWALPUR,TEHSIL,Hearing,19052,10351,8701,13788,7448,6340,5264,2903,2361
AHMADPUR EAST,BAHAWALPUR,TEHSIL,Walking/ Climbing,34066,19517,14549,24565,14055,10510,9501,5462,4039
AHMADPUR EAST,BAHAWALPUR,TEHSIL,Communication,11818,6714,5104,8473,4805,3668,3345,1909,1436
AHMADPUR EAST,BAHAWALPUR,TEHSIL,Memorization/ Focus,14992,8325,6667,10739,5926,4813,4253,2399,1854
AHMADPUR EAST,BAHAWALPUR,TEHSIL,Self care etc,10190,5644,4546,7223,3982,3241,2967,1662,1305
BAHAWALPUR CITY,BAHAWALPUR,TEHSIL,Population,813422,414129,399293,,,,813422,414129,399293
BAHAWALPUR CITY,BAHAWALPUR,TEHSIL,Disability,24753,15287,9466,,,,24753,15287,9466
BAHAWALPUR CITY,BAHAWALPUR,TEHSIL,Functional limitation,63999,36799,27200,,,,63999,36799,27200
BAHAWALPUR CITY,BAHAWALPUR,TEHSIL,Seeing,11410,6409,5001,,,,11410,6409,5001
BAHAWALPUR CITY,BAHAWALPUR,TEHSIL,Hearing,12762,7141,5621,,,,12762,7141,5621
BAHAWALPUR CITY,BAHAWALPUR,TEHSIL,Walking/ Climbing,22425,13160,9265,,,,22425,13160,9265
BAHAWALPUR CITY,BAHAWALPUR,TEHSIL,Communication,7585,4486,3099,,,,7585,4486,3099
BAHAWALPUR CITY,BAHAWALPUR,TEHSIL,Memorization/ Focus,9857,5637,4220,,,,9857,5637,4220
BAHAWALPUR CITY,BAHAWALPUR,TEHSIL,Self care etc,7135,4159,2976,,,,7135,4159,2976
BAHAWALPUR SADDAR,BAHAWALPUR,TEHSIL,Population,661543,338636,322907,524996,266896,258100,136547,71740,64807
BAHAWALPUR SADDAR,BAHAWALPUR,TEHSIL,Disability,21589,12664,8925,18685,10869,7816,2904,1795,1109
BAHAWALPUR SADDAR,BAHAWALPUR,TEHSIL,Functional limitation,51159,28613,22546,42468,23537,18931,8691,5076,3615
BAHAWALPUR SADDAR,BAHAWALPUR,TEHSIL,Seeing,9299,5103,4196,7677,4181,3496,1622,922,700
BAHAWALPUR SADDAR,BAHAWALPUR,TEHSIL,Hearing,10230,5651,4579,8434,4623,3811,1796,1028,768
BAHAWALPUR SADDAR,BAHAWALPUR,TEHSIL,Walking/ Climbing,17635,10232,7403,14645,8407,6238,2990,1825,1165
BAHAWALPUR SADDAR,BAHAWALPUR,TEHSIL,Communication,7048,3677,3371,5878,3091,2787,1170,586,584
BAHAWALPUR SADDAR,BAHAWALPUR,TEHSIL,Memorization/ Focus,9065,5002,4063,7689,4214,3475,1376,788,588
BAHAWALPUR SADDAR,BAHAWALPUR,TEHSIL,Self care etc,5601,3355,2246,4622,2721,1901,979,634,345
HASILPUR,BAHAWALPUR,TEHSIL,Population,506604,253471,253133,310921,155627,155294,195683,97844,97839
HASILPUR,BAHAWALPUR,TEHSIL,Disability,23303,13713,9590,14355,8502,5853,8948,5211,3737
HASILPUR,BAHAWALPUR,TEHSIL,Functional limitation,50877,28522,22355,31646,17814,13832,19231,10708,8523
HASILPUR,BAHAWALPUR,TEHSIL,Seeing,8105,4593,3512,4860,2770,2090,3245,1823,1422
HASILPUR,BAHAWALPUR,TEHSIL,Hearing,10009,5858,4151,6181,3607,2574,3828,2251,1577
HASILPUR,BAHAWALPUR,TEHSIL,Walking/ Climbing,16860,9530,7330,10337,5750,4587,6523,3780,2743
HASILPUR,BAHAWALPUR,TEHSIL,Communication,6450,3777,2673,4195,2462,1733,2255,1315,940
HASILPUR,BAHAWALPUR,TEHSIL,Memorization/ Focus,7959,4515,3444,5038,2882,2156,2921,1633,1288
HASILPUR,BAHAWALPUR,TEHSIL,Self care etc,6885,3535,3350,4233,2308,1925,2652,1227,1425
KHAIRPUR TAMEWALI,BAHAWALPUR,TEHSIL,Population,288741,145789,142952,241592,122067,119525,47149,23722,23427
KHAIRPUR TAMEWALI,BAHAWALPUR,TEHSIL,Disability,25961,14561,11400,23368,13138,10230,2593,1423,1170
KHAIRPUR TAMEWALI,BAHAWALPUR,TEHSIL,Functional limitation,40368,22320,18048,35367,19601,15766,5001,2719,2282
KHAIRPUR TAMEWALI,BAHAWALPUR,TEHSIL,Seeing,8384,4766,3618,7227,4154,3073,1157,612,545
KHAIRPUR TAMEWALI,BAHAWALPUR,TEHSIL,Hearing,8067,4309,3758,6940,3814,3126,1127,495,632
KHAIRPUR TAMEWALI,BAHAWALPUR,TEHSIL,Walking/ Climbing,9451,4876,4575,8110,4166,3944,1341,710,631
KHAIRPUR TAMEWALI,BAHAWALPUR,TEHSIL,Communication,5938,3497,2441,4979,2831,2148,959,666,293
KHAIRPUR TAMEWALI,BAHAWALPUR,TEHSIL,Memorization/ Focus,6767,3844,2923,6166,3512,2654,601,332,269
KHAIRPUR TAMEWALI,BAHAWALPUR,TEHSIL,Self care etc,5284,2954,2330,4945,2762,2183,339,192,147
YAZMAN,BAHAWALPUR,TEHSIL,Population,686739,347516,339223,626145,317386,308759,60594,30130,30464
YAZMAN,BAHAWALPUR,TEHSIL,Disability,22573,14007,8566,20958,13011,7947,1615,996,619
YAZMAN,BAHAWALPUR,TEHSIL,Functional limitation,56250,32436,23814,51542,29761,21781,4708,2675,2033
YAZMAN,BAHAWALPUR,TEHSIL,Seeing,9718,5428,4290,8797,4914,3883,921,514,407
YAZMAN,BAHAWALPUR,TEHSIL,Hearing,10943,6127,4816,9972,5589,4383,971,538,433
YAZMAN,BAHAWALPUR,TEHSIL,Walking/ Climbing,19424,11327,8097,17784,10395,7389,1640,932,708
YAZMAN,BAHAWALPUR,TEHSIL,Communication,6921,4229,2692,6317,3886,2431,604,343,261
YAZMAN,BAHAWALPUR,TEHSIL,Memorization/ Focus,8442,4890,3552,7617,4404,3213,825,486,339
YAZMAN,BAHAWALPUR,TEHSIL,Self care etc,6387,3717,2670,5906,3444,2462,481,273,208
BHAKKAR,BHAKKAR,DISTRICT,Population,1956971,1016201,940770,1604680,833069,771611,352291,183132,169159
BHAKKAR,BHAKKAR,DISTRICT,Disability,94200,52206,41994,77428,43082,34346,16772,9124,7648
BHAKKAR,BHAKKAR,DISTRICT,Functional limitation,237416,136155,101261,193827,111392,82435,43589,24763,18826
BHAKKAR,BHAKKAR,DISTRICT,Seeing,43351,24788,18563,35628,20362,15266,7723,4426,3297
BHAKKAR,BHAKKAR,DISTRICT,Hearing,46889,27225,19664,38318,22310,16008,8571,4915,3656
BHAKKAR,BHAKKAR,DISTRICT,Walking/ Climbing,79615,45306,34309,65145,37176,27969,14470,8130,6340
BHAKKAR,BHAKKAR,DISTRICT,Communication,27726,16158,11568,22403,13112,9291,5323,3046,2277
BHAKKAR,BHAKKAR,DISTRICT,Memorization/ Focus,36429,21030,15399,29395,16976,12419,7034,4054,2980
BHAKKAR,BHAKKAR,DISTRICT,Self care etc,26930,15273,11657,22092,12496,9596,4838,2777,2061
BHAKKAR,BHAKKAR,TEHSIL,Population,809649,421228,388421,650306,338068,312238,159343,83160,76183
BHAKKAR,BHAKKAR,TEHSIL,Disability,32564,18378,14186,25072,14226,10846,7492,4152,3340
BHAKKAR,BHAKKAR,TEHSIL,Functional limitation,90732,52542,38190,70944,41166,29778,19788,11376,8412
BHAKKAR,BHAKKAR,TEHSIL,Seeing,16132,9341,6791,12716,7364,5352,3416,1977,1439
BHAKKAR,BHAKKAR,TEHSIL,Hearing,17928,10516,7412,14057,8219,5838,3871,2297,1574
BHAKKAR,BHAKKAR,TEHSIL,Walking/ Climbing,31648,18248,13400,24897,14392,10505,6751,3856,2895
BHAKKAR,BHAKKAR,TEHSIL,Communication,10243,5994,4249,7870,4653,3217,2373,1341,1032
BHAKKAR,BHAKKAR,TEHSIL,Memorization/ Focus,13377,7816,5561,10546,6153,4393,2831,1663,1168
BHAKKAR,BHAKKAR,TEHSIL,Self care etc,10049,5782,4267,7781,4483,3298,2268,1299,969
DARYA KHAN,BHAKKAR,TEHSIL,Population,421233,218514,202719,327385,170081,157304,93848,48433,45415
DARYA KHAN,BHAKKAR,TEHSIL,Disability,19948,10958,8990,15884,8813,7071,4064,2145,1919
DARYA KHAN,BHAKKAR,TEHSIL,Functional limitation,51334,29248,22086,40281,23071,17210,11053,6177,4876
DARYA KHAN,BHAKKAR,TEHSIL,Seeing,9203,5234,3969,7086,4051,3035,2117,1183,934
DARYA KHAN,BHAKKAR,TEHSIL,Hearing,9875,5719,4156,7711,4477,3234,2164,1242,922
DARYA KHAN,BHAKKAR,TEHSIL,Walking/ Climbing,17680,9986,7694,13996,7945,6051,3684,2041,1643
DARYA KHAN,BHAKKAR,TEHSIL,Communication,5541,3234,2307,4327,2542,1785,1214,692,522
DARYA KHAN,BHAKKAR,TEHSIL,Memorization/ Focus,8107,4624,3483,6057,3509,2548,2050,1115,935
DARYA KHAN,BHAKKAR,TEHSIL,Self care etc,5881,3251,2630,4774,2637,2137,1107,614,493
KALUR KOT,BHAKKAR,TEHSIL,Population,415546,215127,200419,359947,186431,173516,55599,28696,26903
KALUR KOT,BHAKKAR,TEHSIL,Disability,21356,11864,9492,19002,10608,8394,2354,1256,1098
KALUR KOT,BHAKKAR,TEHSIL,Functional limitation,51561,29427,22134,45011,25750,19261,6550,3677,2873
KALUR KOT,BHAKKAR,TEHSIL,Seeing,9539,5402,4137,8375,4721,3654,1164,681,483
KALUR KOT,BHAKKAR,TEHSIL,Hearing,10150,5851,4299,8893,5157,3736,1257,694,563
KALUR KOT,BHAKKAR,TEHSIL,Walking/ Climbing,17511,9817,7694,15116,8544,6572,2395,1273,1122
KALUR KOT,BHAKKAR,TEHSIL,Communication,6395,3742,2653,5799,3389,2410,596,353,243
KALUR KOT,BHAKKAR,TEHSIL,Memorization/ Focus,7774,4492,3282,6883,3984,2899,891,508,383
KALUR KOT,BHAKKAR,TEHSIL,Self care etc,5443,3070,2373,4706,2628,2078,737,442,295
MANKERA,BHAKKAR,TEHSIL,Population,310543,161332,149211,267042,138489,128553,43501,22843,20658
MANKERA,BHAKKAR,TEHSIL,Disability,20332,11006,9326,17470,9435,8035,2862,1571,1291
MANKERA,BHAKKAR,TEHSIL,Functional limitation,43789,24938,18851,37591,21405,16186,6198,3533,2665
MANKERA,BHAKKAR,TEHSIL,Seeing,8477,4811,3666,7451,4226,3225,1026,585,441
MANKERA,BHAKKAR,TEHSIL,Hearing,8936,5139,3797,7657,4457,3200,1279,682,597
MANKERA,BHAKKAR,TEHSIL,Walking/ Climbing,12776,7255,5521,11136,6295,4841,1640,960,680
MANKERA,BHAKKAR,TEHSIL,Communication,5547,3188,2359,4407,2528,1879,1140,660,480
MANKERA,BHAKKAR,TEHSIL,Memorization/ Focus,7171,4098,3073,5909,3330,2579,1262,768,494
MANKERA,BHAKKAR,TEHSIL,Self care etc,5557,3170,2387,4831,2748,2083,726,422,304
CHAKWAL,CHAKWAL,DISTRICT,Population,1731689,862598,869091,1296931,643671,653260,434758,218927,215831
CHAKWAL,CHAKWAL,DISTRICT,Disability,86432,49333,37099,68698,39000,29698,17734,10333,7401
CHAKWAL,CHAKWAL,DISTRICT,Functional limitation,188201,102949,85252,147136,79973,67163,41065,22976,18089
CHAKWAL,CHAKWAL,DISTRICT,Seeing,33031,17904,15127,25936,13954,11982,7095,3950,3145
CHAKWAL,CHAKWAL,DISTRICT,Hearing,35422,19138,16284,27784,14834,12950,7638,4304,3334
CHAKWAL,CHAKWAL,DISTRICT,Walking/ Climbing,64943,35791,29152,50055,27354,22701,14888,8437,6451
CHAKWAL,CHAKWAL,DISTRICT,Communication,23386,13202,10184,18592,10481,8111,4794,2721,2073
CHAKWAL,CHAKWAL,DISTRICT,Memorization/ Focus,28921,15958,12963,23002,12630,10372,5919,3328,2591
CHAKWAL,CHAKWAL,DISTRICT,Self care etc,21596,11807,9789,16853,9260,7593,4743,2547,2196
CHAKWAL,CHAKWAL,TEHSIL,Population,768622,377609,391013,524580,256188,268392,244042,121421,122621
CHAKWAL,CHAKWAL,TEHSIL,Disability,33855,19223,14632,23715,13337,10378,10140,5886,4254
CHAKWAL,CHAKWAL,TEHSIL,Functional limitation,78346,42393,35953,55308,29559,25749,23038,12834,10204
CHAKWAL,CHAKWAL,TEHSIL,Seeing,13742,7322,6420,9689,5095,4594,4053,2227,1826
CHAKWAL,CHAKWAL,TEHSIL,Hearing,14699,7801,6898,10529,5523,5006,4170,2278,1892
CHAKWAL,CHAKWAL,TEHSIL,Walking/ Climbing,28433,15670,12763,19997,10914,9083,8436,4756,3680
CHAKWAL,CHAKWAL,TEHSIL,Communication,9238,5179,4059,6650,3705,2945,2588,1474,1114
CHAKWAL,CHAKWAL,TEHSIL,Memorization/ Focus,11892,6473,5419,8503,4580,3923,3389,1893,1496
CHAKWAL,CHAKWAL,TEHSIL,Self care etc,8760,4735,4025,6156,3284,2872,2604,1451,1153
CHOA SAIDAN SHAH,CHAKWAL,TEHSIL,Population,167537,83615,83922,126463,62826,63637,41074,20789,20285
CHOA SAIDAN SHAH,CHAKWAL,TEHSIL,Disability,7071,4364,2707,6044,3709,2335,1027,655,372
CHOA SAIDAN SHAH,CHAKWAL,TEHSIL,Functional limitation,15728,8992,6736,12699,7234,5465,3029,1758,1271
CHOA SAIDAN SHAH,CHAKWAL,TEHSIL,Seeing,2773,1496,1277,2201,1161,1040,572,335,237
CHOA SAIDAN SHAH,CHAKWAL,TEHSIL,Hearing,2925,1588,1337,2284,1217,1067,641,371,270
CHOA SAIDAN SHAH,CHAKWAL,TEHSIL,Walking/ Climbing,5545,3116,2429,4410,2447,1963,1135,669,466
CHOA SAIDAN SHAH,CHAKWAL,TEHSIL,Communication,2242,1355,887,1867,1124,743,375,231,144
CHOA SAIDAN SHAH,CHAKWAL,TEHSIL,Memorization/ Focus,2629,1585,1044,2150,1300,850,479,285,194
CHOA SAIDAN SHAH,CHAKWAL,TEHSIL,Self care etc,1704,1023,681,1382,831,551,322,192,130
KALLAR KAHAR,CHAKWAL,TEHSIL,Population,193284,99446,93838,143692,73194,70498,49592,26252,23340
KALLAR KAHAR,CHAKWAL,TEHSIL,Disability,8449,4840,3609,7046,3965,3081,1403,875,528
KALLAR KAHAR,CHAKWAL,TEHSIL,Functional limitation,20189,11136,9053,16008,8697,7311,4181,2439,1742
KALLAR KAHAR,CHAKWAL,TEHSIL,Seeing,3647,1955,1692,2909,1537,1372,738,418,320
KALLAR KAHAR,CHAKWAL,TEHSIL,Hearing,3883,2109,1774,3041,1634,1407,842,475,367
KALLAR KAHAR,CHAKWAL,TEHSIL,Walking/ Climbing,7301,4070,3231,5779,3177,2602,1522,893,629
KALLAR KAHAR,CHAKWAL,TEHSIL,Communication,2378,1326,1052,1903,1047,856,475,279,196
KALLAR KAHAR,CHAKWAL,TEHSIL,Memorization/ Focus,2934,1614,1320,2311,1260,1051,623,354,269
KALLAR KAHAR,CHAKWAL,TEHSIL,Self care etc,2185,1209,976,1725,930,795,460,279,181
LAWA,CHAKWAL,TEHSIL,Population,144611,72904,71707,123992,62596,61396,20619,10308,10311
LAWA,CHAKWAL,TEHSIL,Disability,13575,7417,6158,11939,6579,5360,1636,838,798
LAWA,CHAKWAL,TEHSIL,Functional limitation,22315,11995,10320,19559,10572,8987,2756,1423,1333
LAWA,CHAKWAL,TEHSIL,Seeing,4133,2349,1784,3802,2169,1633,331,180,151
LAWA,CHAKWAL,TEHSIL,Hearing,4559,2563,1996,4019,2173,1846,540,390,150
LAWA,CHAKWAL,TEHSIL,Walking/ Climbing,4988,2575,2413,4150,2127,2023,838,448,390
LAWA,CHAKWAL,TEHSIL,Communication,3409,1869,1540,2937,1644,1293,472,225,247
LAWA,CHAKWAL,TEHSIL,Memorization/ Focus,3842,2045,1797,3581,1912,1669,261,133,128
LAWA,CHAKWAL,TEHSIL,Self care etc,3129,1645,1484,2696,1533,1163,433,112,321
TALA GANG,CHAKWAL,TEHSIL,Population,457635,229024,228611,378204,188867,189337,79431,40157,39274
TALA GANG,CHAKWAL,TEHSIL,Disability,23482,13489,9993,19954,11410,8544,3528,2079,1449
TALA GANG,CHAKWAL,TEHSIL,Functional limitation,51623,28433,23190,43562,23911,19651,8061,4522,3539
TALA GANG,CHAKWAL,TEHSIL,Seeing,8736,4782,3954,7335,3992,3343,1401,790,611
TALA GANG,CHAKWAL,TEHSIL,Hearing,9356,5077,4279,7911,4287,3624,1445,790,655
TALA GANG,CHAKWAL,TEHSIL,Walking/ Climbing,18676,10360,8316,15719,8689,7030,2957,1671,1286
TALA GANG,CHAKWAL,TEHSIL,Communication,6119,3473,2646,5235,2961,2274,884,512,372
TALA GANG,CHAKWAL,TEHSIL,Memorization/ Focus,7624,4241,3383,6457,3578,2879,1167,663,504
TALA GANG,CHAKWAL,TEHSIL,Self care etc,5818,3195,2623,4894,2682,2212,924,513,411
CHINIOT,CHINIOT,DISTRICT,Population,1563024,790898,772126,1071352,542757,528595,491672,248141,243531
CHINIOT,CHINIOT,DISTRICT,Disability,59679,33857,25822,44171,24794,19377,15508,9063,6445
CHINIOT,CHINIOT,DISTRICT,Functional limitation,145424,80047,65377,103082,56493,46589,42342,23554,18788
CHINIOT,CHINIOT,DISTRICT,Seeing,26354,14427,11927,18452,10045,8407,7902,4382,3520
CHINIOT,CHINIOT,DISTRICT,Hearing,28623,15587,13036,20444,11134,9310,8179,4453,3726
CHINIOT,CHINIOT,DISTRICT,Walking/ Climbing,49434,27541,21893,34460,19116,15344,14974,8425,6549
CHINIOT,CHINIOT,DISTRICT,Communication,18420,10331,8089,13338,7474,5864,5082,2857,2225
CHINIOT,CHINIOT,DISTRICT,Memorization/ Focus,22410,12449,9961,15937,8831,7106,6473,3618,2855
CHINIOT,CHINIOT,DISTRICT,Self care etc,16290,8865,7425,11735,6343,5392,4555,2522,2033
BHAWANA,CHINIOT,TEHSIL,Population,428617,217078,211539,389347,197369,191978,39270,19709,19561
BHAWANA,CHINIOT,TEHSIL,Disability,20674,11179,9495,19855,10705,9150,819,474,345
BHAWANA,CHINIOT,TEHSIL,Functional limitation,43813,23620,20193,41037,22095,18942,2776,1525,1251
BHAWANA,CHINIOT,TEHSIL,Seeing,7632,4106,3526,7142,3832,3310,490,274,216
BHAWANA,CHINIOT,TEHSIL,Hearing,8564,4647,3917,7957,4319,3638,607,328,279
BHAWANA,CHINIOT,TEHSIL,Walking/ Climbing,13444,7289,6155,12507,6769,5738,937,520,417
BHAWANA,CHINIOT,TEHSIL,Communication,5926,3233,2693,5574,3034,2540,352,199,153
BHAWANA,CHINIOT,TEHSIL,Memorization/ Focus,6772,3745,3027,6350,3510,2840,422,235,187
BHAWANA,CHINIOT,TEHSIL,Self care etc,5237,2761,2476,4926,2588,2338,311,173,138
CHINIOT,CHINIOT,TEHSIL,Population,633621,322195,311426,315456,160367,155089,318165,161828,156337
CHINIOT,CHINIOT,TEHSIL,Disability,21091,12349,8742,11102,6441,4661,9989,5908,4081
CHINIOT,CHINIOT,TEHSIL,Functional limitation,54834,30782,24052,28345,15779,12566,26489,15003,11486
CHINIOT,CHINIOT,TEHSIL,Seeing,10059,5590,4469,5126,2797,2329,4933,2793,2140
CHINIOT,CHINIOT,TEHSIL,Hearing,10659,5855,4804,5701,3114,2587,4958,2741,2217
CHINIOT,CHINIOT,TEHSIL,Walking/ Climbing,19580,11139,8441,10076,5690,4386,9504,5449,4055
CHINIOT,CHINIOT,TEHSIL,Communication,6548,3749,2799,3408,1974,1434,3140,1775,1365
CHINIOT,CHINIOT,TEHSIL,Memorization/ Focus,8234,4656,3578,4265,2390,1875,3969,2266,1703
CHINIOT,CHINIOT,TEHSIL,Self care etc,5912,3296,2616,3113,1725,1388,2799,1571,1228
LALIAN,CHINIOT,TEHSIL,Population,500786,251625,249161,366549,185021,181528,134237,66604,67633
LALIAN,CHINIOT,TEHSIL,Disability,17914,10329,7585,13214,7648,5566,4700,2681,2019
LALIAN,CHINIOT,TEHSIL,Functional limitation,46777,25645,21132,33700,18619,15081,13077,7026,6051
LALIAN,CHINIOT,TEHSIL,Seeing,8663,4731,3932,6184,3416,2768,2479,1315,1164
LALIAN,CHINIOT,TEHSIL,Hearing,9400,5085,4315,6786,3701,3085,2614,1384,1230
LALIAN,CHINIOT,TEHSIL,Walking/ Climbing,16410,9113,7297,11877,6657,5220,4533,2456,2077
LALIAN,CHINIOT,TEHSIL,Communication,5946,3349,2597,4356,2466,1890,1590,883,707
LALIAN,CHINIOT,TEHSIL,Memorization/ Focus,7404,4048,3356,5322,2931,2391,2082,1117,965
LALIAN,CHINIOT,TEHSIL,Self care etc,5141,2808,2333,3696,2030,1666,1445,778,667
DERA GHAZI KHAN,DERA GHAZI KHAN,DISTRICT,Population,3386575,1709631,1676944,2581903,1302395,1279508,804672,407236,397436
DERA GHAZI KHAN,DERA GHAZI KHAN,DISTRICT,Disability,117462,61010,56452,90170,46763,43407,27292,14247,13045
DERA GHAZI KHAN,DERA GHAZI KHAN,DISTRICT,Functional limitation,303568,153196,150372,227017,114274,112743,76551,38922,37629
DERA GHAZI KHAN,DERA GHAZI KHAN,DISTRICT,Seeing,53466,27170,26296,40111,20352,19759,13355,6818,6537
DERA GHAZI KHAN,DERA GHAZI KHAN,DISTRICT,Hearing,59761,30184,29577,44508,22417,22091,15253,7767,7486
DERA GHAZI KHAN,DERA GHAZI KHAN,DISTRICT,Walking/ Climbing,98353,50628,47725,73680,37843,35837,24673,12785,11888
DERA GHAZI KHAN,DERA GHAZI KHAN,DISTRICT,Communication,34379,18134,16245,25801,13610,12191,8578,4524,4054
DERA GHAZI KHAN,DERA GHAZI KHAN,DISTRICT,Memorization/ Focus,45391,23273,22118,33686,17098,16588,11705,6175,5530
DERA GHAZI KHAN,DERA GHAZI KHAN,DISTRICT,Self care etc,35635,17577,18058,26485,13088,13397,9150,4489,4661
DERA GHAZI KHAN,DERA GHAZI KHAN,TEHSIL,Population,1436937,722702,714235,913542,457134,456408,523395,265568,257827
DERA GHAZI KHAN,DERA GHAZI KHAN,TEHSIL,Disability,44752,23364,21388,26717,13867,12850,18035,9497,8538
DERA GHAZI KHAN,DERA GHAZI KHAN,TEHSIL,Functional limitation,125524,63215,62309,75117,37444,37673,50407,25771,24636
DERA GHAZI KHAN,DERA GHAZI KHAN,TEHSIL,Seeing,21759,11013,10746,12961,6490,6471,8798,4523,4275
DERA GHAZI KHAN,DERA GHAZI KHAN,TEHSIL,Hearing,24778,12440,12338,14679,7273,7406,10099,5167,4932
DERA GHAZI KHAN,DERA GHAZI KHAN,TEHSIL,Walking/ Climbing,40241,20698,19543,24089,12275,11814,16152,8423,7729
DERA GHAZI KHAN,DERA GHAZI KHAN,TEHSIL,Communication,13505,7131,6374,7874,4125,3749,5631,3006,2625
DERA GHAZI KHAN,DERA GHAZI KHAN,TEHSIL,Memorization/ Focus,18865,9783,9082,11023,5573,5450,7842,4210,3632
DERA GHAZI KHAN,DERA GHAZI KHAN,TEHSIL,Self care etc,15160,7409,7751,8990,4393,4597,6170,3016,3154
KOH-E-SULEMAN,DERA GHAZI KHAN,TEHSIL,Population,248683,126946,121737,248683,126946,121737,,,
KOH-E-SULEMAN,DERA GHAZI KHAN,TEHSIL,Disability,17107,8857,8250,17107,8857,8250,,,
KOH-E-SULEMAN,DERA GHAZI KHAN,TEHSIL,Functional limitation,27840,14248,13592,27840,14248,13592,,,
KOH-E-SULEMAN,DERA GHAZI KHAN,TEHSIL,Seeing,5318,2721,2597,5318,2721,2597,,,
KOH-E-SULEMAN,DERA GHAZI KHAN,TEHSIL,Hearing,5562,2809,2753,5562,2809,2753,,,
KOH-E-SULEMAN,DERA GHAZI KHAN,TEHSIL,Walking/ Climbing,8428,4378,4050,8428,4378,4050,,,
KOH-E-SULEMAN,DERA GHAZI KHAN,TEHSIL,Communication,3481,1806,1675,3481,1806,1675,,,
KOH-E-SULEMAN,DERA GHAZI KHAN,TEHSIL,Memorization/ Focus,3885,1994,1891,3885,1994,1891,,,
KOH-E-SULEMAN,DERA GHAZI KHAN,TEHSIL,Self care etc,3340,1766,1574,3340,1766,1574,,,
KOT CHHUTTA,DERA GHAZI KHAN,TEHSIL,Population,904701,452454,452247,781423,391639,389784,123278,60815,62463
KOT CHHUTTA,DERA GHAZI KHAN,TEHSIL,Disability,30969,15830,15139,27477,14121,13356,3492,1709,1783
KOT CHHUTTA,DERA GHAZI KHAN,TEHSIL,Functional limitation,80964,40100,40864,70278,34964,35314,10686,5136,5550
KOT CHHUTTA,DERA GHAZI KHAN,TEHSIL,Seeing,13993,6997,6996,12162,6109,6053,1831,888,943
KOT CHHUTTA,DERA GHAZI KHAN,TEHSIL,Hearing,15955,7937,8018,13776,6889,6887,2179,1048,1131
KOT CHHUTTA,DERA GHAZI KHAN,TEHSIL,Walking/ Climbing,26402,13367,13035,22997,11671,11326,3405,1696,1709
KOT CHHUTTA,DERA GHAZI KHAN,TEHSIL,Communication,9325,4840,4485,8069,4256,3813,1256,584,672
KOT CHHUTTA,DERA GHAZI KHAN,TEHSIL,Memorization/ Focus,12116,6036,6080,10554,5259,5295,1562,777,785
KOT CHHUTTA,DERA GHAZI KHAN,TEHSIL,Self care etc,9514,4614,4900,8306,4045,4261,1208,569,639
TAUNSA,DERA GHAZI KHAN,TEHSIL,Population,796254,407529,388725,638255,326676,311579,157999,80853,77146
TAUNSA,DERA GHAZI KHAN,TEHSIL,Disability,24634,12959,11675,18869,9918,8951,5765,3041,2724
TAUNSA,DERA GHAZI KHAN,TEHSIL,Functional limitation,69240,35633,33607,53782,27618,26164,15458,8015,7443
TAUNSA,DERA GHAZI KHAN,TEHSIL,Seeing,12396,6439,5957,9670,5032,4638,2726,1407,1319
TAUNSA,DERA GHAZI KHAN,TEHSIL,Hearing,13466,6998,6468,10491,5446,5045,2975,1552,1423
TAUNSA,DERA GHAZI KHAN,TEHSIL,Walking/ Climbing,23282,12185,11097,18166,9519,8647,5116,2666,2450
TAUNSA,DERA GHAZI KHAN,TEHSIL,Communication,8068,4357,3711,6377,3423,2954,1691,934,757
TAUNSA,DERA GHAZI KHAN,TEHSIL,Memorization/ Focus,10525,5460,5065,8224,4272,3952,2301,1188,1113
TAUNSA,DERA GHAZI KHAN,TEHSIL,Self care etc,7621,3788,3833,5849,2884,2965,1772,904,868
FAISALABAD,FAISALABAD,DISTRICT,Population,9065306,4727144,4338162,4682740,2439247,2243493,4382566,2287897,2094669
FAISALABAD,FAISALABAD,DISTRICT,Disability,325590,184878,140712,174168,98053,76115,151422,86825,64597
FAISALABAD,FAISALABAD,DISTRICT,Functional limitation,838113,461494,376619,442692,242742,199950,395421,218752,176669
FAISALABAD,FAISALABAD,DISTRICT,Seeing,145838,80502,65336,75458,41753,33705,70380,38749,31631
FAISALABAD,FAISALABAD,DISTRICT,Hearing,165256,90172,75084,86499,46802,39697,78757,43370,35387
FAISALABAD,FAISALABAD,DISTRICT,Walking/ Climbing,272316,152818,119498,142022,79973,62049,130294,72845,57449
FAISALABAD,FAISALABAD,DISTRICT,Communication,99388,56088,43300,54758,31069,23689,44630,25019,19611
FAISALABAD,FAISALABAD,DISTRICT,Memorization/ Focus,125225,69990,55235,69515,38412,31103,55710,31578,24132
FAISALABAD,FAISALABAD,DISTRICT,Self care etc,99381,53872,45509,52611,27670,24941,46770,26202,20568
CHAK JHUMRA,FAISALABAD,TEHSIL,Population,385169,203153,182016,325038,172199,152839,60131,30954,29177
CHAK JHUMRA,FAISALABAD,TEHSIL,Disability,36189,20008,16181,31375,17397,13978,4814,2611,2203
CHAK JHUMRA,FAISALABAD,TEHSIL,Functional limitation,58818,32283,26535,50691,27893,22798,8127,4390,3737
CHAK JHUMRA,FAISALABAD,TEHSIL,Seeing,10405,5881,4524,9035,5121,3914,1370,760,610
CHAK JHUMRA,FAISALABAD,TEHSIL,Hearing,10369,5694,4675,8949,4910,4039,1420,784,636
CHAK JHUMRA,FAISALABAD,TEHSIL,Walking/ Climbing,13716,7636,6080,11696,6519,5177,2020,1117,903
CHAK JHUMRA,FAISALABAD,TEHSIL,Communication,7459,4286,3173,6903,3980,2923,556,306,250
CHAK JHUMRA,FAISALABAD,TEHSIL,Memorization/ Focus,10171,5640,4531,9347,5164,4183,824,476,348
CHAK JHUMRA,FAISALABAD,TEHSIL,Self care etc,9574,4875,4699,7155,3652,3503,2419,1223,1196
FAISALABAD CITY,FAISALABAD,TEHSIL,Population,3682036,1925102,1756934,,,,3682036,1925102,1756934
FAISALABAD CITY,FAISALABAD,TEHSIL,Disability,125029,71868,53161,,,,125029,71868,53161
FAISALABAD CITY,FAISALABAD,TEHSIL,Functional limitation,330064,182702,147362,,,,330064,182702,147362
FAISALABAD CITY,FAISALABAD,TEHSIL,Seeing,59038,32439,26599,,,,59038,32439,26599
FAISALABAD CITY,FAISALABAD,TEHSIL,Hearing,66008,36515,29493,,,,66008,36515,29493
FAISALABAD CITY,FAISALABAD,TEHSIL,Walking/ Climbing,109223,60994,48229,,,,109223,60994,48229
FAISALABAD CITY,FAISALABAD,TEHSIL,Communication,36996,20775,16221,,,,36996,20775,16221
FAISALABAD CITY,FAISALABAD,TEHSIL,Memorization/ Focus,45814,25788,20026,,,,45814,25788,20026
FAISALABAD CITY,FAISALABAD,TEHSIL,Self care etc,37839,21418,16421,,,,37839,21418,16421
FAISALABAD SADAR,FAISALABAD,TEHSIL,Population,1742958,907510,835448,1646024,857856,788168,96934,49654,47280
FAISALABAD SADAR,FAISALABAD,TEHSIL,Disability,54861,31777,23084,52475,30355,22120,2386,1422,964
FAISALABAD SADAR,FAISALABAD,TEHSIL,Functional limitation,153479,84685,68794,145391,80210,65181,8088,4475,3613
FAISALABAD SADAR,FAISALABAD,TEHSIL,Seeing,26449,14577,11872,25027,13789,11238,1422,788,634
FAISALABAD SADAR,FAISALABAD,TEHSIL,Hearing,30329,16472,13857,28640,15552,13088,1689,920,769
FAISALABAD SADAR,FAISALABAD,TEHSIL,Walking/ Climbing,52302,29352,22950,49563,27811,21752,2739,1541,1198
FAISALABAD SADAR,FAISALABAD,TEHSIL,Communication,17772,10127,7645,16840,9582,7258,932,545,387
FAISALABAD SADAR,FAISALABAD,TEHSIL,Memorization/ Focus,22708,12721,9987,21473,12015,9458,1235,706,529
FAISALABAD SADAR,FAISALABAD,TEHSIL,Self care etc,17724,9701,8023,16796,9186,7610,928,515,413
JARANWALA,FAISALABAD,TEHSIL,Population,1731148,903238,827910,1463533,762492,701041,267615,140746,126869
JARANWALA,FAISALABAD,TEHSIL,Disability,52419,29736,22683,43994,24774,19220,8425,4962,3463
JARANWALA,FAISALABAD,TEHSIL,Functional limitation,150064,82413,67651,126897,69426,57471,23167,12987,10180
JARANWALA,FAISALABAD,TEHSIL,Seeing,26503,14637,11866,22228,12248,9980,4275,2389,1886
JARANWALA,FAISALABAD,TEHSIL,Hearing,29839,16345,13494,25419,13891,11528,4420,2454,1966
JARANWALA,FAISALABAD,TEHSIL,Walking/ Climbing,51203,28989,22214,43286,24482,18804,7917,4507,3410
JARANWALA,FAISALABAD,TEHSIL,Communication,18349,9988,8361,15781,8494,7287,2568,1494,1074
JARANWALA,FAISALABAD,TEHSIL,Memorization/ Focus,22595,12446,10149,19269,10536,8733,3326,1910,1416
JARANWALA,FAISALABAD,TEHSIL,Self care etc,16545,9086,7459,13929,7635,6294,2616,1451,1165
SAMMUNDRI,FAISALABAD,TEHSIL,Population,729672,375218,354454,543301,280105,263196,186371,95113,91258
SAMMUNDRI,FAISALABAD,TEHSIL,Disability,32852,18196,14656,24717,13655,11062,8135,4541,3594
SAMMUNDRI,FAISALABAD,TEHSIL,Functional limitation,76528,41818,34710,57863,31599,26264,18665,10219,8446
SAMMUNDRI,FAISALABAD,TEHSIL,Seeing,11645,6428,5217,8659,4764,3895,2986,1664,1322
SAMMUNDRI,FAISALABAD,TEHSIL,Hearing,14984,7620,7364,11244,5747,5497,3740,1873,1867
SAMMUNDRI,FAISALABAD,TEHSIL,Walking/ Climbing,22767,12826,9941,16848,9508,7340,5919,3318,2601
SAMMUNDRI,FAISALABAD,TEHSIL,Communication,10896,6349,4547,8178,4937,3241,2718,1412,1306
SAMMUNDRI,FAISALABAD,TEHSIL,Memorization/ Focus,13140,7647,5493,9959,5649,4310,3181,1998,1183
SAMMUNDRI,FAISALABAD,TEHSIL,Self care etc,9333,4694,4639,7280,3563,3717,2053,1131,922
TANDLIAN WALA,FAISALABAD,TEHSIL,Population,794323,412923,381400,704844,366595,338249,89479,46328,43151
TANDLIAN WALA,FAISALABAD,TEHSIL,Disability,24240,13293,10947,21607,11872,9735,2633,1421,1212
TANDLIAN WALA,FAISALABAD,TEHSIL,Functional limitation,69160,37593,31567,61850,33614,28236,7310,3979,3331
TANDLIAN WALA,FAISALABAD,TEHSIL,Seeing,11798,6540,5258,10509,5831,4678,1289,709,580
TANDLIAN WALA,FAISALABAD,TEHSIL,Hearing,13727,7526,6201,12247,6702,5545,1480,824,656
TANDLIAN WALA,FAISALABAD,TEHSIL,Walking/ Climbing,23105,13021,10084,20629,11653,8976,2476,1368,1108
TANDLIAN WALA,FAISALABAD,TEHSIL,Communication,7916,4563,3353,7056,4076,2980,860,487,373
TANDLIAN WALA,FAISALABAD,TEHSIL,Memorization/ Focus,10797,5748,5049,9467,5048,4419,1330,700,630
TANDLIAN WALA,FAISALABAD,TEHSIL,Self care etc,8366,4098,4268,7451,3634,3817,915,464,451
GUJRANWALA,GUJRANWALA,DISTRICT,Population,5940173,3019432,2920741,2365418,1193661,1171757,3574755,1825771,1748984
GUJRANWALA,GUJRANWALA,DISTRICT,Disability,176017,96098,79919,71740,38941,32799,104277,57157,47120
GUJRANWALA,GUJRANWALA,DISTRICT,Functional limitation,731556,376505,355051,295742,150981,144761,435814,225524,210290
GUJRANWALA,GUJRANWALA,DISTRICT,Seeing,131543,67865,63678,54480,27617,26863,77063,40248,36815
GUJRANWALA,GUJRANWALA,DISTRICT,Hearing,156409,80097,76312,64288,32558,31730,92121,47539,44582
GUJRANWALA,GUJRANWALA,DISTRICT,Walking/ Climbing,217305,113407,103898,87364,45306,42058,129941,68101,61840
GUJRANWALA,GUJRANWALA,DISTRICT,Communication,72789,38724,34065,30812,16451,14361,41977,22273,19704
GUJRANWALA,GUJRANWALA,DISTRICT,Memorization/ Focus,105868,55156,50712,43616,22805,20811,62252,32351,29901
GUJRANWALA,GUJRANWALA,DISTRICT,Self care etc,85555,43778,41777,33098,16781,16317,52457,26997,25460
GUJRANWALA CITY,GUJRANWALA,TEHSIL,Population,2510883,1290446,1220437,,,,2510883,1290446,1220437
GUJRANWALA CITY,GUJRANWALA,TEHSIL,Disability,77983,43266,34717,,,,77983,43266,34717
GUJRANWALA CITY,GUJRANWALA,TEHSIL,Functional limitation,308486,161165,147321,,,,308486,161165,147321
GUJRANWALA CITY,GUJRANWALA,TEHSIL,Seeing,54547,28740,25807,,,,54547,28740,25807
GUJRANWALA CITY,GUJRANWALA,TEHSIL,Hearing,64905,33831,31074,,,,64905,33831,31074
GUJRANWALA CITY,GUJRANWALA,TEHSIL,Walking/ Climbing,92016,48466,43550,,,,92016,48466,43550
GUJRANWALA CITY,GUJRANWALA,TEHSIL,Communication,29137,15685,13452,,,,29137,15685,13452
GUJRANWALA CITY,GUJRANWALA,TEHSIL,Memorization/ Focus,43249,22819,20430,,,,43249,22819,20430
GUJRANWALA CITY,GUJRANWALA,TEHSIL,Self care etc,37851,19747,18104,,,,37851,19747,18104
GUJRANWALA SADDAR,GUJRANWALA,TEHSIL,Population,1114167,562415,551752,770919,389719,381200,343248,172696,170552
GUJRANWALA SADDAR,GUJRANWALA,TEHSIL,Disability,23600,13434,10166,15450,8810,6640,8150,4624,3526
GUJRANWALA SADDAR,GUJRANWALA,TEHSIL,Functional limitation,127847,65846,62001,87086,44807,42279,40761,21039,19722
GUJRANWALA SADDAR,GUJRANWALA,TEHSIL,Seeing,23128,11867,11261,15992,8184,7808,7136,3683,3453
GUJRANWALA SADDAR,GUJRANWALA,TEHSIL,Hearing,27811,14220,13591,19072,9751,9321,8739,4469,4270
GUJRANWALA SADDAR,GUJRANWALA,TEHSIL,Walking/ Climbing,38255,19906,18349,26279,13686,12593,11976,6220,5756
GUJRANWALA SADDAR,GUJRANWALA,TEHSIL,Communication,12092,6531,5561,8146,4402,3744,3946,2129,1817
GUJRANWALA SADDAR,GUJRANWALA,TEHSIL,Memorization/ Focus,18903,9879,9024,12745,6697,6048,6158,3182,2976
GUJRANWALA SADDAR,GUJRANWALA,TEHSIL,Self care etc,14238,7294,6944,9739,4987,4752,4499,2307,2192
KAMOKE,GUJRANWALA,TEHSIL,Population,681296,344876,336420,389316,197249,192067,291980,147627,144353
KAMOKE,GUJRANWALA,TEHSIL,Disability,15425,8070,7355,8684,4463,4221,6741,3607,3134
KAMOKE,GUJRANWALA,TEHSIL,Functional limitation,77867,39576,38291,44097,22339,21758,33770,17237,16533
KAMOKE,GUJRANWALA,TEHSIL,Seeing,14098,7279,6819,7856,4053,3803,6242,3226,3016
KAMOKE,GUJRANWALA,TEHSIL,Hearing,17210,8572,8638,9868,4822,5046,7342,3750,3592
KAMOKE,GUJRANWALA,TEHSIL,Walking/ Climbing,23464,12296,11168,13208,6915,6293,10256,5381,4875
KAMOKE,GUJRANWALA,TEHSIL,Communication,8014,4252,3762,4347,2280,2067,3667,1972,1695
KAMOKE,GUJRANWALA,TEHSIL,Memorization/ Focus,11022,5719,5303,6085,3169,2916,4937,2550,2387
KAMOKE,GUJRANWALA,TEHSIL,Self care etc,8891,4302,4589,4968,2448,2520,3923,1854,2069
NOWSHERA VIRKAN,GUJRANWALA,TEHSIL,Population,640415,324433,315982,580780,294132,286648,59635,30301,29334
NOWSHERA VIRKAN,GUJRANWALA,TEHSIL,Disability,34435,18514,15921,31811,17349,14462,2624,1165,1459
NOWSHERA VIRKAN,GUJRANWALA,TEHSIL,Functional limitation,95001,48951,46050,86862,44999,41863,8139,3952,4187
NOWSHERA VIRKAN,GUJRANWALA,TEHSIL,Seeing,17521,8793,8728,16120,8074,8046,1401,719,682
NOWSHERA VIRKAN,GUJRANWALA,TEHSIL,Hearing,20639,10568,10071,18991,9786,9205,1648,782,866
NOWSHERA VIRKAN,GUJRANWALA,TEHSIL,Walking/ Climbing,26616,13794,12822,24378,12636,11742,2238,1158,1080
NOWSHERA VIRKAN,GUJRANWALA,TEHSIL,Communication,11906,6459,5447,10779,6087,4692,1127,372,755
NOWSHERA VIRKAN,GUJRANWALA,TEHSIL,Memorization/ Focus,15040,8074,6966,13920,7454,6466,1120,620,500
NOWSHERA VIRKAN,GUJRANWALA,TEHSIL,Self care etc,11008,5662,5346,9835,5065,4770,1173,597,576
WAZIRABAD,GUJRANWALA,TEHSIL,Population,993412,497262,496150,624403,312561,311842,369009,184701,184308
WAZIRABAD,GUJRANWALA,TEHSIL,Disability,24574,12814,11760,15795,8319,7476,8779,4495,4284
WAZIRABAD,GUJRANWALA,TEHSIL,Functional limitation,122355,60967,61388,77697,38836,38861,44658,22131,22527
WAZIRABAD,GUJRANWALA,TEHSIL,Seeing,22249,11186,11063,14512,7306,7206,7737,3880,3857
WAZIRABAD,GUJRANWALA,TEHSIL,Hearing,25844,12906,12938,16357,8199,8158,9487,4707,4780
WAZIRABAD,GUJRANWALA,TEHSIL,Walking/ Climbing,36954,18945,18009,23499,12069,11430,13455,6876,6579
WAZIRABAD,GUJRANWALA,TEHSIL,Communication,11640,5797,5843,7540,3682,3858,4100,2115,1985
WAZIRABAD,GUJRANWALA,TEHSIL,Memorization/ Focus,17654,8665,8989,10866,5485,5381,6788,3180,3608
WAZIRABAD,GUJRANWALA,TEHSIL,Self care etc,13567,6773,6794,8556,4281,4275,5011,2492,2519
GUJRAT,GUJRAT,DISTRICT,Population,3216000,1606791,1609209,1892820,934496,958324,1323180,672295,650885
GUJRAT,GUJRAT,DISTRICT,Disability,118220,70813,47407,72655,42333,30322,45565,28480,17085
GUJRAT,GUJRAT,DISTRICT,Functional limitation,441618,233516,208102,267892,139204,128688,173726,94312,79414
GUJRAT,GUJRAT,DISTRICT,Seeing,84237,43677,40560,51615,26448,25167,32622,17229,15393
GUJRAT,GUJRAT,DISTRICT,Hearing,91727,47549,44178,56174,28547,27627,35553,19002,16551
GUJRAT,GUJRAT,DISTRICT,Walking/ Climbing,138353,74429,63924,83828,44269,39559,54525,30160,24365
GUJRAT,GUJRAT,DISTRICT,Communication,46676,25742,20934,29146,16112,13034,17530,9630,7900
GUJRAT,GUJRAT,DISTRICT,Memorization/ Focus,64665,34604,30061,39482,20867,18615,25183,13737,11446
GUJRAT,GUJRAT,DISTRICT,Self care etc,48964,26078,22886,29575,15151,14424,19389,10927,8462
GUJRAT,GUJRAT,TEHSIL,Population,1744046,871482,872564,812767,404414,408353,931279,467068,464211
GUJRAT,GUJRAT,TEHSIL,Disability,54539,33710,20829,22931,13857,9074,31608,19853,11755
GUJRAT,GUJRAT,TEHSIL,Functional limitation,229357,122456,106901,105659,55291,50368,123698,67165,56533
GUJRAT,GUJRAT,TEHSIL,Seeing,43060,22409,20651,19958,10256,9702,23102,12153,10949
GUJRAT,GUJRAT,TEHSIL,Hearing,48326,25309,23017,22970,11807,11163,25356,13502,11854
GUJRAT,GUJRAT,TEHSIL,Walking/ Climbing,72996,39986,33010,34102,18336,15766,38894,21650,17244
GUJRAT,GUJRAT,TEHSIL,Communication,23171,12696,10475,10755,5864,4891,12416,6832,5584
GUJRAT,GUJRAT,TEHSIL,Memorization/ Focus,33116,17691,15425,15363,8104,7259,17753,9587,8166
GUJRAT,GUJRAT,TEHSIL,Self care etc,25463,13893,11570,11425,5873,5552,14038,8020,6018
KHARIAN,GUJRAT,TEHSIL,Population,1174083,586531,587552,855985,417926,438059,318098,168605,149493
KHARIAN,GUJRAT,TEHSIL,Disability,41518,25090,16428,30767,18242,12525,10751,6848,3903
KHARIAN,GUJRAT,TEHSIL,Functional limitation,160742,84440,76302,120889,62555,58334,39853,21885,17968
KHARIAN,GUJRAT,TEHSIL,Seeing,30923,15811,15112,23112,11654,11458,7811,4157,3654
KHARIAN,GUJRAT,TEHSIL,Hearing,32661,16748,15913,24705,12505,12200,7956,4243,3713
KHARIAN,GUJRAT,TEHSIL,Walking/ Climbing,50958,27160,23798,38153,20027,18126,12805,7133,5672
KHARIAN,GUJRAT,TEHSIL,Communication,17283,9660,7623,13271,7333,5938,4012,2327,1685
KHARIAN,GUJRAT,TEHSIL,Memorization/ Focus,24004,12907,11097,18338,9781,8557,5666,3126,2540
KHARIAN,GUJRAT,TEHSIL,Self care etc,17498,9165,8333,13123,6724,6399,4375,2441,1934
SARAI ALAMGIR,GUJRAT,TEHSIL,Population,297871,148778,149093,224068,112156,111912,73803,36622,37181
SARAI ALAMGIR,GUJRAT,TEHSIL,Disability,22163,12013,10150,18957,10234,8723,3206,1779,1427
SARAI ALAMGIR,GUJRAT,TEHSIL,Functional limitation,51519,26620,24899,41344,21358,19986,10175,5262,4913
SARAI ALAMGIR,GUJRAT,TEHSIL,Seeing,10254,5457,4797,8545,4538,4007,1709,919,790
SARAI ALAMGIR,GUJRAT,TEHSIL,Hearing,10740,5492,5248,8499,4235,4264,2241,1257,984
SARAI ALAMGIR,GUJRAT,TEHSIL,Walking/ Climbing,14399,7283,7116,11573,5906,5667,2826,1377,1449
SARAI ALAMGIR,GUJRAT,TEHSIL,Communication,6222,3386,2836,5120,2915,2205,1102,471,631
SARAI ALAMGIR,GUJRAT,TEHSIL,Memorization/ Focus,7545,4006,3539,5781,2982,2799,1764,1024,740
SARAI ALAMGIR,GUJRAT,TEHSIL,Self care etc,6003,3020,2983,5027,2554,2473,976,466,510
HAFIZABAD,HAFIZABAD,DISTRICT,Population,1319651,669960,649691,815517,414551,400966,504134,255409,248725
HAFIZABAD,HAFIZABAD,DISTRICT,Disability,40672,21719,18953,27458,14501,12957,13214,7218,5996
HAFIZABAD,HAFIZABAD,DISTRICT,Functional limitation,155147,82229,72918,98882,52287,46595,56265,29942,26323
HAFIZABAD,HAFIZABAD,DISTRICT,Seeing,29089,15479,13610,18255,9718,8537,10834,5761,5073
HAFIZABAD,HAFIZABAD,DISTRICT,Hearing,32212,17240,14972,20470,10951,9519,11742,6289,5453
HAFIZABAD,HAFIZABAD,DISTRICT,Walking/ Climbing,48312,25854,22458,30904,16562,14342,17408,9292,8116
HAFIZABAD,HAFIZABAD,DISTRICT,Communication,16324,8869,7455,10452,5699,4753,5872,3170,2702
HAFIZABAD,HAFIZABAD,DISTRICT,Memorization/ Focus,22860,12215,10645,14654,7816,6838,8206,4399,3807
HAFIZABAD,HAFIZABAD,DISTRICT,Self care etc,17281,9033,8248,11079,5718,5361,6202,3315,2887
HAFIZABAD,HAFIZABAD,TEHSIL,Population,760900,385151,375749,418156,211302,206854,342744,173849,168895
HAFIZABAD,HAFIZABAD,TEHSIL,Disability,22844,12375,10469,13154,6996,6158,9690,5379,4311
HAFIZABAD,HAFIZABAD,TEHSIL,Functional limitation,89231,47533,41698,49974,26477,23497,39257,21056,18201
HAFIZABAD,HAFIZABAD,TEHSIL,Seeing,17000,9084,7916,9601,5121,4480,7399,3963,3436
HAFIZABAD,HAFIZABAD,TEHSIL,Hearing,18491,9963,8528,10269,5530,4739,8222,4433,3789
HAFIZABAD,HAFIZABAD,TEHSIL,Walking/ Climbing,28300,15181,13119,16271,8712,7559,12029,6469,5560
HAFIZABAD,HAFIZABAD,TEHSIL,Communication,9027,4949,4078,4850,2649,2201,4177,2300,1877
HAFIZABAD,HAFIZABAD,TEHSIL,Memorization/ Focus,12833,6900,5933,7061,3770,3291,5772,3130,2642
HAFIZABAD,HAFIZABAD,TEHSIL,Self care etc,9750,5131,4619,5404,2803,2601,4346,2328,2018
PINDI BHATTIAN,HAFIZABAD,TEHSIL,Population,558751,284809,273942,397361,203249,194112,161390,81560,79830
PINDI BHATTIAN,HAFIZABAD,TEHSIL,Disability,17828,9344,8484,14304,7505,6799,3524,1839,1685
PINDI BHATTIAN,HAFIZABAD,TEHSIL,Functional limitation,65916,34696,31220,48908,25810,23098,17008,8886,8122
PINDI BHATTIAN,HAFIZABAD,TEHSIL,Seeing,12089,6395,5694,8654,4597,4057,3435,1798,1637
PINDI BHATTIAN,HAFIZABAD,TEHSIL,Hearing,13721,7277,6444,10201,5421,4780,3520,1856,1664
PINDI BHATTIAN,HAFIZABAD,TEHSIL,Walking/ Climbing,20012,10673,9339,14633,7850,6783,5379,2823,2556
PINDI BHATTIAN,HAFIZABAD,TEHSIL,Communication,7297,3920,3377,5602,3050,2552,1695,870,825
PINDI BHATTIAN,HAFIZABAD,TEHSIL,Memorization/ Focus,10027,5315,4712,7593,4046,3547,2434,1269,1165
PINDI BHATTIAN,HAFIZABAD,TEHSIL,Self care etc,7531,3902,3629,5675,2915,2760,1856,987,869
JHANG,JHANG,DISTRICT,Population,3065639,1585868,1479771,2264713,1172446,1092267,800926,413422,387504
JHANG,JHANG,DISTRICT,Disability,132964,73530,59434,101200,55905,45295,31764,17625,14139
JHANG,JHANG,DISTRICT,Functional limitation,394147,208887,185260,293419,155573,137846,100728,53314,47414
JHANG,JHANG,DISTRICT,Seeing,71938,38112,33826,53697,28452,25245,18241,9660,8581
JHANG,JHANG,DISTRICT,Hearing,80590,42848,37742,60401,32177,28224,20189,10671,9518
JHANG,JHANG,DISTRICT,Walking/ Climbing,125819,67384,58435,93506,50033,43473,32313,17351,14962
JHANG,JHANG,DISTRICT,Communication,43990,24270,19720,33192,18292,14900,10798,5978,4820
JHANG,JHANG,DISTRICT,Memorization/ Focus,59521,32058,27463,44749,24164,20585,14772,7894,6878
JHANG,JHANG,DISTRICT,Self care etc,45056,23630,21426,33739,17684,16055,11317,5946,5371
-HAZARI,JHANG,TEHSIL,Population,332295,171011,161284,302158,155439,146719,30137,15572,14565
-HAZARI,JHANG,TEHSIL,Disability,24444,13304,11140,22010,12076,9934,2434,1228,1206
-HAZARI,JHANG,TEHSIL,Functional limitation,52501,27769,24732,47554,25229,22325,4947,2540,2407
-HAZARI,JHANG,TEHSIL,Seeing,10449,5469,4980,8937,4681,4256,1512,788,724
-HAZARI,JHANG,TEHSIL,Hearing,11686,6127,5559,10614,5555,5059,1072,572,500
-HAZARI,JHANG,TEHSIL,Walking/ Climbing,13691,7078,6613,12530,6459,6071,1161,619,542
-HAZARI,JHANG,TEHSIL,Communication,6576,3779,2797,6040,3449,2591,536,330,206
-HAZARI,JHANG,TEHSIL,Memorization/ Focus,8099,4519,3580,7430,4268,3162,669,251,418
-HAZARI,JHANG,TEHSIL,Self care etc,6197,3267,2930,5870,3088,2782,327,179,148
AHMADPUR SIAL,JHANG,TEHSIL,Population,487905,252569,235336,407703,211393,196310,80202,41176,39026
AHMADPUR SIAL,JHANG,TEHSIL,Disability,24214,12623,11591,21816,11320,10496,2398,1303,1095
AHMADPUR SIAL,JHANG,TEHSIL,Functional limitation,64463,33330,31133,55330,28585,26745,9133,4745,4388
AHMADPUR SIAL,JHANG,TEHSIL,Seeing,11366,6001,5365,9676,5122,4554,1690,879,811
AHMADPUR SIAL,JHANG,TEHSIL,Hearing,12763,6774,5989,10909,5802,5107,1854,972,882
AHMADPUR SIAL,JHANG,TEHSIL,Walking/ Climbing,20728,11119,9609,17761,9526,8235,2967,1593,1374
AHMADPUR SIAL,JHANG,TEHSIL,Communication,7827,3956,3871,6791,3441,3350,1036,515,521
AHMADPUR SIAL,JHANG,TEHSIL,Memorization/ Focus,10257,5284,4973,8911,4556,4355,1346,728,618
AHMADPUR SIAL,JHANG,TEHSIL,Self care etc,7626,3870,3756,6679,3381,3298,947,489,458
JHANG,JHANG,TEHSIL,Population,1640676,850082,790594,1017583,527747,489836,623093,322335,300758
JHANG,JHANG,TEHSIL,Disability,64636,36461,28175,39771,22559,17212,24865,13902,10963
JHANG,JHANG,TEHSIL,Functional limitation,204905,109496,95409,126454,67804,58650,78451,41692,36759
JHANG,JHANG,TEHSIL,Seeing,36503,19431,17072,22931,12226,10705,13572,7205,6367
JHANG,JHANG,TEHSIL,Hearing,41029,21945,19084,25464,13701,11763,15565,8244,7321
JHANG,JHANG,TEHSIL,Walking/ Climbing,67496,36394,31102,41938,22673,19265,25558,13721,11837
JHANG,JHANG,TEHSIL,Communication,21795,12180,9615,13414,7524,5890,8381,4656,3725
JHANG,JHANG,TEHSIL,Memorization/ Focus,30258,16392,13866,18712,10131,8581,11546,6261,5285
JHANG,JHANG,TEHSIL,Self care etc,23452,12434,11018,14329,7631,6698,9123,4803,4320
SHORKOT,JHANG,TEHSIL,Population,604763,312206,292557,537269,277867,259402,67494,34339,33155
SHORKOT,JHANG,TEHSIL,Disability,19670,11142,8528,17603,9950,7653,2067,1192,875
SHORKOT,JHANG,TEHSIL,Functional limitation,72278,38292,33986,64081,33955,30126,8197,4337,3860
SHORKOT,JHANG,TEHSIL,Seeing,13620,7211,6409,12153,6423,5730,1467,788,679
SHORKOT,JHANG,TEHSIL,Hearing,15112,8002,7110,13414,7119,6295,1698,883,815
SHORKOT,JHANG,TEHSIL,Walking/ Climbing,23904,12793,11111,21277,11375,9902,2627,1418,1209
SHORKOT,JHANG,TEHSIL,Communication,7792,4355,3437,6947,3878,3069,845,477,368
SHORKOT,JHANG,TEHSIL,Memorization/ Focus,10907,5863,5044,9696,5209,4487,1211,654,557
SHORKOT,JHANG,TEHSIL,Self care etc,7781,4059,3722,6861,3584,3277,920,475,445
JHELUM,JHELUM,DISTRICT,Population,1366297,696081,670216,837927,425068,412859,528370,271013,257357
JHELUM,JHELUM,DISTRICT,Disability,67316,38934,28382,42900,24489,18411,24416,14445,9971
JHELUM,JHELUM,DISTRICT,Functional limitation,129984,70503,59481,82392,44207,38185,47592,26296,21296
JHELUM,JHELUM,DISTRICT,Seeing,24452,13058,11394,16587,8766,7821,7865,4292,3573
JHELUM,JHELUM,DISTRICT,Hearing,25103,13426,11677,16360,8709,7651,8743,4717,4026
JHELUM,JHELUM,DISTRICT,Walking/ Climbing,45571,25122,20449,28833,15801,13032,16738,9321,7417
JHELUM,JHELUM,DISTRICT,Communication,18428,10444,7984,12063,6780,5283,6365,3664,2701
JHELUM,JHELUM,DISTRICT,Memorization/ Focus,21532,11904,9628,13948,7594,6354,7584,4310,3274
JHELUM,JHELUM,DISTRICT,Self care etc,15092,8187,6905,9219,4924,4295,5873,3263,2610
DINA,JHELUM,TEHSIL,Population,269927,139542,130385,170935,87602,83333,98992,51940,47052
DINA,JHELUM,TEHSIL,Disability,12137,7101,5036,7694,4485,3209,4443,2616,1827
DINA,JHELUM,TEHSIL,Functional limitation,24405,13263,11142,16009,8590,7419,8396,4673,3723
DINA,JHELUM,TEHSIL,Seeing,4913,2605,2308,3457,1816,1641,1456,789,667
DINA,JHELUM,TEHSIL,Hearing,4897,2626,2271,3278,1744,1534,1619,882,737
DINA,JHELUM,TEHSIL,Walking/ Climbing,9039,5014,4025,6042,3335,2707,2997,1679,1318
DINA,JHELUM,TEHSIL,Communication,3494,1954,1540,2325,1295,1030,1169,659,510
DINA,JHELUM,TEHSIL,Memorization/ Focus,4161,2315,1846,2755,1515,1240,1406,800,606
DINA,JHELUM,TEHSIL,Self care etc,2787,1526,1261,1743,940,803,1044,586,458
JHELUM,JHELUM,TEHSIL,Population,499032,254893,244139,194788,98912,95876,304244,155981,148263
JHELUM,JHELUM,TEHSIL,Disability,23121,13688,9433,8280,4891,3389,14841,8797,6044
JHELUM,JHELUM,TEHSIL,Functional limitation,45694,25215,20479,17277,9426,7851,28417,15789,12628
JHELUM,JHELUM,TEHSIL,Seeing,7609,4128,3481,3115,1673,1442,4494,2455,2039
JHELUM,JHELUM,TEHSIL,Hearing,8312,4477,3835,3271,1742,1529,5041,2735,2306
JHELUM,JHELUM,TEHSIL,Walking/ Climbing,16172,8992,7180,6296,3493,2803,9876,5499,4377
JHELUM,JHELUM,TEHSIL,Communication,6027,3470,2557,2352,1355,997,3675,2115,1560
JHELUM,JHELUM,TEHSIL,Memorization/ Focus,7212,4071,3141,2803,1562,1241,4409,2509,1900
JHELUM,JHELUM,TEHSIL,Self care etc,5504,3040,2464,1930,1045,885,3574,1995,1579
PIND DADAN KHAN,JHELUM,TEHSIL,Population,371971,188601,183370,307222,155583,151639,64749,33018,31731
PIND DADAN KHAN,JHELUM,TEHSIL,Disability,17735,10439,7296,15669,9155,6514,2066,1284,782
PIND DADAN KHAN,JHELUM,TEHSIL,Functional limitation,34836,19105,15731,29867,16352,13515,4969,2753,2216
PIND DADAN KHAN,JHELUM,TEHSIL,Seeing,6744,3620,3124,5782,3090,2692,962,530,432
PIND DADAN KHAN,JHELUM,TEHSIL,Hearing,6805,3693,3112,5763,3125,2638,1042,568,474
PIND DADAN KHAN,JHELUM,TEHSIL,Walking/ Climbing,12830,7141,5689,11078,6149,4929,1752,992,760
PIND DADAN KHAN,JHELUM,TEHSIL,Communication,4991,2874,2117,4294,2452,1842,697,422,275
PIND DADAN KHAN,JHELUM,TEHSIL,Memorization/ Focus,5777,3239,2538,4947,2751,2196,830,488,342
PIND DADAN KHAN,JHELUM,TEHSIL,Self care etc,4031,2243,1788,3463,1922,1541,568,321,247
SOHAWA,JHELUM,TEHSIL,Population,225367,113045,112322,164982,82971,82011,60385,30074,30311
SOHAWA,JHELUM,TEHSIL,Disability,14323,7706,6617,11257,5958,5299,3066,1748,1318
SOHAWA,JHELUM,TEHSIL,Functional limitation,25049,12920,12129,19239,9839,9400,5810,3081,2729
SOHAWA,JHELUM,TEHSIL,Seeing,5186,2705,2481,4233,2187,2046,953,518,435
SOHAWA,JHELUM,TEHSIL,Hearing,5089,2630,2459,4048,2098,1950,1041,532,509
SOHAWA,JHELUM,TEHSIL,Walking/ Climbing,7530,3975,3555,5417,2824,2593,2113,1151,962
SOHAWA,JHELUM,TEHSIL,Communication,3916,2146,1770,3092,1678,1414,824,468,356
SOHAWA,JHELUM,TEHSIL,Memorization/ Focus,4382,2279,2103,3443,1766,1677,939,513,426
SOHAWA,JHELUM,TEHSIL,Self care etc,2770,1378,1392,2083,1017,1066,687,361,326
KASUR,KASUR,DISTRICT,Population,4081568,2086311,1995257,2840199,1454497,1385702,1241369,631814,609555
KASUR,KASUR,DISTRICT,Disability,108621,58739,49882,77140,41114,36026,31481,17625,13856
KASUR,KASUR,DISTRICT,Functional limitation,377807,185655,192152,261931,128159,133772,115876,57496,58380
KASUR,KASUR,DISTRICT,Seeing,73185,36024,37161,51377,25307,26070,21808,10717,11091
KASUR,KASUR,DISTRICT,Hearing,78782,38374,40408,54046,26132,27914,24736,12242,12494
KASUR,KASUR,DISTRICT,Walking/ Climbing,123837,62894,60943,85891,43688,42203,37946,19206,18740
KASUR,KASUR,DISTRICT,Communication,41556,21785,19771,28880,14762,14118,12676,7023,5653
KASUR,KASUR,DISTRICT,Memorization/ Focus,56980,28578,28402,40014,19993,20021,16966,8585,8381
KASUR,KASUR,DISTRICT,Self care etc,40784,19655,21129,28417,13838,14579,12367,5817,6550
CHUNIAN,KASUR,TEHSIL,Population,977028,498084,478944,773329,394620,378709,203699,103464,100235
CHUNIAN,KASUR,TEHSIL,Disability,30474,15251,15223,25978,12815,13163,4496,2436,2060
CHUNIAN,KASUR,TEHSIL,Functional limitation,96092,45726,50366,78205,37094,41111,17887,8632,9255
CHUNIAN,KASUR,TEHSIL,Seeing,19218,9313,9905,15689,7660,8029,3529,1653,1876
CHUNIAN,KASUR,TEHSIL,Hearing,19462,9486,9976,15726,7645,8081,3736,1841,1895
CHUNIAN,KASUR,TEHSIL,Walking/ Climbing,31273,15787,15486,25272,12758,12514,6001,3029,2972
CHUNIAN,KASUR,TEHSIL,Communication,11438,5476,5962,9521,4528,4993,1917,948,969
CHUNIAN,KASUR,TEHSIL,Memorization/ Focus,15125,7289,7836,12281,5750,6531,2844,1539,1305
CHUNIAN,KASUR,TEHSIL,Self care etc,10783,4893,5890,8834,4065,4769,1949,828,1121
KASUR,KASUR,TEHSIL,Population,1603658,819750,783908,896310,458917,437393,707348,360833,346515
KASUR,KASUR,TEHSIL,Disability,31135,17496,13639,14903,8318,6585,16232,9178,7054
KASUR,KASUR,TEHSIL,Functional limitation,135953,67227,68726,71544,35144,36400,64409,32083,32326
KASUR,KASUR,TEHSIL,Seeing,26594,13142,13452,14373,7067,7306,12221,6075,6146
KASUR,KASUR,TEHSIL,Hearing,28891,14113,14778,15451,7557,7894,13440,6556,6884
KASUR,KASUR,TEHSIL,Walking/ Climbing,45989,23581,22408,24604,12573,12031,21385,11008,10377
KASUR,KASUR,TEHSIL,Communication,14048,7433,6615,7471,3966,3505,6577,3467,3110
KASUR,KASUR,TEHSIL,Memorization/ Focus,20318,10210,10108,10705,5364,5341,9613,4846,4767
KASUR,KASUR,TEHSIL,Self care etc,14019,6781,7238,7028,3350,3678,6991,3431,3560
KOT RADHA KISHAN,KASUR,TEHSIL,Population,424875,218516,206359,322818,166447,156371,102057,52069,49988
KOT RADHA KISHAN,KASUR,TEHSIL,Disability,28981,16007,12974,22491,12371,10120,6490,3636,2854
KOT RADHA KISHAN,KASUR,TEHSIL,Functional limitation,56296,28980,27316,42790,22024,20766,13506,6956,6550
KOT RADHA KISHAN,KASUR,TEHSIL,Seeing,9517,4866,4651,7440,3838,3602,2077,1028,1049
KOT RADHA KISHAN,KASUR,TEHSIL,Hearing,11208,5503,5705,8033,3783,4250,3175,1720,1455
KOT RADHA KISHAN,KASUR,TEHSIL,Walking/ Climbing,16720,8405,8315,12783,6609,6174,3937,1796,2141
KOT RADHA KISHAN,KASUR,TEHSIL,Communication,7249,4237,3012,5090,2709,2381,2159,1528,631
KOT RADHA KISHAN,KASUR,TEHSIL,Memorization/ Focus,8510,4585,3925,6989,3884,3105,1521,701,820
KOT RADHA KISHAN,KASUR,TEHSIL,Self care etc,7043,3723,3320,5630,3122,2508,1413,601,812
PATTOKI,KASUR,TEHSIL,Population,1076007,549961,526046,847742,434513,413229,228265,115448,112817
PATTOKI,KASUR,TEHSIL,Disability,18031,9985,8046,13768,7610,6158,4263,2375,1888
PATTOKI,KASUR,TEHSIL,Functional limitation,89466,43722,45744,69392,33897,35495,20074,9825,10249
PATTOKI,KASUR,TEHSIL,Seeing,17856,8703,9153,13875,6742,7133,3981,1961,2020
PATTOKI,KASUR,TEHSIL,Hearing,19221,9272,9949,14836,7147,7689,4385,2125,2260
PATTOKI,KASUR,TEHSIL,Walking/ Climbing,29855,15121,14734,23232,11748,11484,6623,3373,3250
PATTOKI,KASUR,TEHSIL,Communication,8821,4639,4182,6798,3559,3239,2023,1080,943
PATTOKI,KASUR,TEHSIL,Memorization/ Focus,13027,6494,6533,10039,4995,5044,2988,1499,1489
PATTOKI,KASUR,TEHSIL,Self care etc,8939,4258,4681,6925,3301,3624,2014,957,1057
KHANEWAL,KHANEWAL,DISTRICT,Population,3363589,1734807,1628782,2646990,1367247,1279743,716599,367560,349039
KHANEWAL,KHANEWAL,DISTRICT,Disability,119105,68005,51100,93296,53154,40142,25809,14851,10958
KHANEWAL,KHANEWAL,DISTRICT,Functional limitation,431015,225016,205999,337514,176082,161432,93501,48934,44567
KHANEWAL,KHANEWAL,DISTRICT,Seeing,78248,40698,37550,61527,32077,29450,16721,8621,8100
KHANEWAL,KHANEWAL,DISTRICT,Hearing,92614,47967,44647,73139,37919,35220,19475,10048,9427
KHANEWAL,KHANEWAL,DISTRICT,Walking/ Climbing,132916,70953,61963,103782,55317,48465,29134,15636,13498
KHANEWAL,KHANEWAL,DISTRICT,Communication,46202,25454,20748,35739,19633,16106,10463,5821,4642
KHANEWAL,KHANEWAL,DISTRICT,Memorization/ Focus,64825,34346,30479,50808,26956,23852,14017,7390,6627
KHANEWAL,KHANEWAL,DISTRICT,Self care etc,48762,25086,23676,37761,19442,18319,11001,5644,5357
JAHANIAN,KHANEWAL,TEHSIL,Population,384758,196002,188756,334488,170439,164049,50270,25563,24707
JAHANIAN,KHANEWAL,TEHSIL,Disability,27010,15074,11936,22841,12696,10145,4169,2378,1791
JAHANIAN,KHANEWAL,TEHSIL,Functional limitation,63448,33207,30241,54496,28443,26053,8952,4764,4188
JAHANIAN,KHANEWAL,TEHSIL,Seeing,11659,6107,5552,10265,5425,4840,1394,682,712
JAHANIAN,KHANEWAL,TEHSIL,Hearing,13703,7072,6631,12123,6228,5895,1580,844,736
JAHANIAN,KHANEWAL,TEHSIL,Walking/ Climbing,16565,8656,7909,14325,7369,6956,2240,1287,953
JAHANIAN,KHANEWAL,TEHSIL,Communication,7564,4245,3319,6292,3479,2813,1272,766,506
JAHANIAN,KHANEWAL,TEHSIL,Memorization/ Focus,10356,5714,4642,9029,5033,3996,1327,681,646
JAHANIAN,KHANEWAL,TEHSIL,Self care etc,8261,4128,4133,6652,3363,3289,1609,765,844
KABIRWALA,KHANEWAL,TEHSIL,Population,1118944,582396,536548,938637,489767,448870,180307,92629,87678
KABIRWALA,KHANEWAL,TEHSIL,Disability,29570,17327,12243,25721,15062,10659,3849,2265,1584
KABIRWALA,KHANEWAL,TEHSIL,Functional limitation,130466,68602,61864,109991,57977,52014,20475,10625,9850
KABIRWALA,KHANEWAL,TEHSIL,Seeing,23930,12555,11375,20083,10556,9527,3847,1999,1848
KABIRWALA,KHANEWAL,TEHSIL,Hearing,28730,15052,13678,24172,12717,11455,4558,2335,2223
KABIRWALA,KHANEWAL,TEHSIL,Walking/ Climbing,40974,22109,18865,34569,18710,15859,6405,3399,3006
KABIRWALA,KHANEWAL,TEHSIL,Communication,13215,7439,5776,11110,6276,4834,2105,1163,942
KABIRWALA,KHANEWAL,TEHSIL,Memorization/ Focus,19372,10259,9113,16242,8639,7603,3130,1620,1510
KABIRWALA,KHANEWAL,TEHSIL,Self care etc,14493,7559,6934,12274,6417,5857,2219,1142,1077
KHANEWAL,KHANEWAL,TEHSIL,Population,987408,511542,475866,676490,351150,325340,310918,160392,150526
KHANEWAL,KHANEWAL,TEHSIL,Disability,27997,16374,11623,16706,9833,6873,11291,6541,4750
KHANEWAL,KHANEWAL,TEHSIL,Functional limitation,118825,62494,56331,78672,41262,37410,40153,21232,18921
KHANEWAL,KHANEWAL,TEHSIL,Seeing,21466,11198,10268,14342,7480,6862,7124,3718,3406
KHANEWAL,KHANEWAL,TEHSIL,Hearing,25786,13434,12352,17428,9102,8326,8358,4332,4026
KHANEWAL,KHANEWAL,TEHSIL,Walking/ Climbing,37535,20162,17373,24691,13248,11443,12844,6914,5930
KHANEWAL,KHANEWAL,TEHSIL,Communication,12352,6892,5460,7843,4382,3461,4509,2510,1999
KHANEWAL,KHANEWAL,TEHSIL,Memorization/ Focus,17556,9361,8195,11587,6159,5428,5969,3202,2767
KHANEWAL,KHANEWAL,TEHSIL,Self care etc,13157,6854,6303,8646,4490,4156,4511,2364,2147
MIAN CHANNU,KHANEWAL,TEHSIL,Population,872479,444867,427612,697375,355891,341484,175104,88976,86128
MIAN CHANNU,KHANEWAL,TEHSIL,Disability,34528,19230,15298,28028,15563,12465,6500,3667,2833
MIAN CHANNU,KHANEWAL,TEHSIL,Functional limitation,118276,60713,57563,94355,48400,45955,23921,12313,11608
MIAN CHANNU,KHANEWAL,TEHSIL,Seeing,21193,10838,10355,16837,8616,8221,4356,2222,2134
MIAN CHANNU,KHANEWAL,TEHSIL,Hearing,24395,12409,11986,19416,9872,9544,4979,2537,2442
MIAN CHANNU,KHANEWAL,TEHSIL,Walking/ Climbing,37842,20026,17816,30197,15990,14207,7645,4036,3609
MIAN CHANNU,KHANEWAL,TEHSIL,Communication,13071,6878,6193,10494,5496,4998,2577,1382,1195
MIAN CHANNU,KHANEWAL,TEHSIL,Memorization/ Focus,17541,9012,8529,13950,7125,6825,3591,1887,1704
MIAN CHANNU,KHANEWAL,TEHSIL,Self care etc,12851,6545,6306,10189,5172,5017,2662,1373,1289
KHUSHAB,KHUSHAB,DISTRICT,Population,1500835,768055,732780,1082124,552391,529733,418711,215664,203047
KHUSHAB,KHUSHAB,DISTRICT,Disability,62373,34384,27989,45439,24797,20642,16934,9587,7347
KHUSHAB,KHUSHAB,DISTRICT,Functional limitation,183528,95315,88213,133338,68940,64398,50190,26375,23815
KHUSHAB,KHUSHAB,DISTRICT,Seeing,34841,18158,16683,25452,13234,12218,9389,4924,4465
KHUSHAB,KHUSHAB,DISTRICT,Hearing,37583,19565,18018,27461,14236,13225,10122,5329,4793
KHUSHAB,KHUSHAB,DISTRICT,Walking/ Climbing,63000,33251,29749,45670,23982,21688,17330,9269,8061
KHUSHAB,KHUSHAB,DISTRICT,Communication,21918,12096,9822,16159,8844,7315,5759,3252,2507
KHUSHAB,KHUSHAB,DISTRICT,Memorization/ Focus,28654,15266,13388,21024,11151,9873,7630,4115,3515
KHUSHAB,KHUSHAB,DISTRICT,Self care etc,19467,9909,9558,13830,7008,6822,5637,2901,2736
KHUSHAB,KHUSHAB,TEHSIL,Population,816654,421182,395472,461125,237816,223309,355529,183366,172163
KHUSHAB,KHUSHAB,TEHSIL,Disability,31277,17839,13438,16545,9457,7088,14732,8382,6350
KHUSHAB,KHUSHAB,TEHSIL,Functional limitation,96534,50927,45607,53744,28315,25429,42790,22612,20178
KHUSHAB,KHUSHAB,TEHSIL,Seeing,18303,9642,8661,10361,5452,4909,7942,4190,3752
KHUSHAB,KHUSHAB,TEHSIL,Hearing,19685,10363,9322,11058,5807,5251,8627,4556,4071
KHUSHAB,KHUSHAB,TEHSIL,Walking/ Climbing,33947,18228,15719,19135,10274,8861,14812,7954,6858
KHUSHAB,KHUSHAB,TEHSIL,Communication,11099,6236,4863,6169,3458,2711,4930,2778,2152
KHUSHAB,KHUSHAB,TEHSIL,Memorization/ Focus,14753,7983,6770,8233,4456,3777,6520,3527,2993
KHUSHAB,KHUSHAB,TEHSIL,Self care etc,10114,5249,4865,5394,2780,2614,4720,2469,2251
NOOR PUR,KHUSHAB,TEHSIL,Population,264535,133870,130665,244435,123682,120753,20100,10188,9912
NOOR PUR,KHUSHAB,TEHSIL,Disability,11019,5963,5056,10248,5534,4714,771,429,342
NOOR PUR,KHUSHAB,TEHSIL,Functional limitation,33008,16993,16015,30534,15715,14819,2474,1278,1196
NOOR PUR,KHUSHAB,TEHSIL,Seeing,6373,3333,3040,5836,3060,2776,537,273,264
NOOR PUR,KHUSHAB,TEHSIL,Hearing,6779,3523,3256,6273,3253,3020,506,270,236
NOOR PUR,KHUSHAB,TEHSIL,Walking/ Climbing,11548,6029,5519,10638,5561,5077,910,468,442
NOOR PUR,KHUSHAB,TEHSIL,Communication,4650,2491,2159,4357,2321,2036,293,170,123
NOOR PUR,KHUSHAB,TEHSIL,Memorization/ Focus,5631,2914,2717,5278,2720,2558,353,194,159
NOOR PUR,KHUSHAB,TEHSIL,Self care etc,3132,1635,1497,2908,1524,1384,224,111,113
NOWSHERA,KHUSHAB,TEHSIL,Population,144797,71626,73171,126220,62636,63584,18577,8990,9587
NOWSHERA,KHUSHAB,TEHSIL,Disability,8593,4082,4511,7626,3577,4049,967,505,462
NOWSHERA,KHUSHAB,TEHSIL,Functional limitation,20844,9872,10972,18126,8562,9564,2718,1310,1408
NOWSHERA,KHUSHAB,TEHSIL,Seeing,3934,1887,2047,3494,1683,1811,440,204,236
NOWSHERA,KHUSHAB,TEHSIL,Hearing,4454,2136,2318,3963,1901,2062,491,235,256
NOWSHERA,KHUSHAB,TEHSIL,Walking/ Climbing,5966,2812,3154,5112,2380,2732,854,432,422
NOWSHERA,KHUSHAB,TEHSIL,Communication,2312,1187,1125,2019,1023,996,293,164,129
NOWSHERA,KHUSHAB,TEHSIL,Memorization/ Focus,3148,1601,1547,2750,1409,1341,398,192,206
NOWSHERA,KHUSHAB,TEHSIL,Self care etc,2633,1150,1483,2172,949,1223,461,201,260
QUAIDABAD,KHUSHAB,TEHSIL,Population,274849,141377,133472,250344,128257,122087,24505,13120,11385
QUAIDABAD,KHUSHAB,TEHSIL,Disability,11484,6500,4984,11020,6229,4791,464,271,193
QUAIDABAD,KHUSHAB,TEHSIL,Functional limitation,33142,17523,15619,30934,16348,14586,2208,1175,1033
QUAIDABAD,KHUSHAB,TEHSIL,Seeing,6231,3296,2935,5761,3039,2722,470,257,213
QUAIDABAD,KHUSHAB,TEHSIL,Hearing,6665,3543,3122,6167,3275,2892,498,268,230
QUAIDABAD,KHUSHAB,TEHSIL,Walking/ Climbing,11539,6182,5357,10785,5767,5018,754,415,339
QUAIDABAD,KHUSHAB,TEHSIL,Communication,3857,2182,1675,3614,2042,1572,243,140,103
QUAIDABAD,KHUSHAB,TEHSIL,Memorization/ Focus,5122,2768,2354,4763,2566,2197,359,202,157
QUAIDABAD,KHUSHAB,TEHSIL,Self care etc,3588,1875,1713,3356,1755,1601,232,120,112
LAHORE,LAHORE,DISTRICT,Population,12978661,6872950,6105711,,,,12978661,6872950,6105711
LAHORE,LAHORE,DISTRICT,Disability,403707,229727,173980,,,,403707,229727,173980
LAHORE,LAHORE,DISTRICT,Functional limitation,1432780,764234,668546,,,,1432780,764234,668546
LAHORE,LAHORE,DISTRICT,Seeing,255140,135991,119149,,,,255140,135991,119149
LAHORE,LAHORE,DISTRICT,Hearing,299526,158680,140846,,,,299526,158680,140846
LAHORE,LAHORE,DISTRICT,Walking/ Climbing,435865,235617,200248,,,,435865,235617,200248
LAHORE,LAHORE,DISTRICT,Communication,145842,80707,65135,,,,145842,80707,65135
LAHORE,LAHORE,DISTRICT,Memorization/ Focus,208902,112807,96095,,,,208902,112807,96095
LAHORE,LAHORE,DISTRICT,Self care etc,171939,91434,80505,,,,171939,91434,80505
LAHORE CANTT,LAHORE,TEHSIL,Population,1860427,994113,866314,,,,1860427,994113,866314
LAHORE CANTT,LAHORE,TEHSIL,Disability,56841,29561,27280,,,,56841,29561,27280
LAHORE CANTT,LAHORE,TEHSIL,Functional limitation,211125,109794,101331,,,,211125,109794,101331
LAHORE CANTT,LAHORE,TEHSIL,Seeing,35597,18854,16743,,,,35597,18854,16743
LAHORE CANTT,LAHORE,TEHSIL,Hearing,44613,22296,22317,,,,44613,22296,22317
LAHORE CANTT,LAHORE,TEHSIL,Walking/ Climbing,63152,33034,30118,,,,63152,33034,30118
LAHORE CANTT,LAHORE,TEHSIL,Communication,23109,12963,10146,,,,23109,12963,10146
LAHORE CANTT,LAHORE,TEHSIL,Memorization/ Focus,32286,17652,14634,,,,32286,17652,14634
LAHORE CANTT,LAHORE,TEHSIL,Self care etc,25218,12660,12558,,,,25218,12660,12558
LAHORE CITY,LAHORE,TEHSIL,Population,4123354,2205631,1917723,,,,4123354,2205631,1917723
LAHORE CITY,LAHORE,TEHSIL,Disability,119454,73252,46202,,,,119454,73252,46202
LAHORE CITY,LAHORE,TEHSIL,Functional limitation,447261,245057,202204,,,,447261,245057,202204
LAHORE CITY,LAHORE,TEHSIL,Seeing,79047,42830,36217,,,,79047,42830,36217
LAHORE CITY,LAHORE,TEHSIL,Hearing,92194,49645,42549,,,,92194,49645,42549
LAHORE CITY,LAHORE,TEHSIL,Walking/ Climbing,140789,77915,62874,,,,140789,77915,62874
LAHORE CITY,LAHORE,TEHSIL,Communication,43370,24859,18511,,,,43370,24859,18511
LAHORE CITY,LAHORE,TEHSIL,Memorization/ Focus,63625,35308,28317,,,,63625,35308,28317
LAHORE CITY,LAHORE,TEHSIL,Self care etc,53228,29551,23677,,,,53228,29551,23677
MODEL TOWN,LAHORE,TEHSIL,Population,3244906,1688544,1556362,,,,3244906,1688544,1556362
MODEL TOWN,LAHORE,TEHSIL,Disability,99491,59624,39867,,,,99491,59624,39867
MODEL TOWN,LAHORE,TEHSIL,Functional limitation,352027,189640,162387,,,,352027,189640,162387
MODEL TOWN,LAHORE,TEHSIL,Seeing,61650,32963,28687,,,,61650,32963,28687
MODEL TOWN,LAHORE,TEHSIL,Hearing,72193,38387,33806,,,,72193,38387,33806
MODEL TOWN,LAHORE,TEHSIL,Walking/ Climbing,110902,60843,50059,,,,110902,60843,50059
MODEL TOWN,LAHORE,TEHSIL,Communication,36101,19608,16493,,,,36101,19608,16493
MODEL TOWN,LAHORE,TEHSIL,Memorization/ Focus,50606,27607,22999,,,,50606,27607,22999
MODEL TOWN,LAHORE,TEHSIL,Self care etc,42147,23139,19008,,,,42147,23139,19008
RAIWIND,LAHORE,TEHSIL,Population,1080637,582218,498419,,,,1080637,582218,498419
RAIWIND,LAHORE,TEHSIL,Disability,68651,33696,34955,,,,68651,33696,34955
RAIWIND,LAHORE,TEHSIL,Functional limitation,150490,76659,73831,,,,150490,76659,73831
RAIWIND,LAHORE,TEHSIL,Seeing,29713,15387,14326,,,,29713,15387,14326
RAIWIND,LAHORE,TEHSIL,Hearing,32406,17761,14645,,,,32406,17761,14645
RAIWIND,LAHORE,TEHSIL,Walking/ Climbing,36169,18018,18151,,,,36169,18018,18151
RAIWIND,LAHORE,TEHSIL,Communication,17406,8866,8540,,,,17406,8866,8540
RAIWIND,LAHORE,TEHSIL,Memorization/ Focus,22300,11264,11036,,,,22300,11264,11036
RAIWIND,LAHORE,TEHSIL,Self care etc,19361,9585,9776,,,,19361,9585,9776
SHALIMAR,LAHORE,TEHSIL,Population,2669337,1402444,1266893,,,,2669337,1402444,1266893
SHALIMAR,LAHORE,TEHSIL,Disability,59270,33594,25676,,,,59270,33594,25676
SHALIMAR,LAHORE,TEHSIL,Functional limitation,271877,143084,128793,,,,271877,143084,128793
SHALIMAR,LAHORE,TEHSIL,Seeing,49133,25957,23176,,,,49133,25957,23176
SHALIMAR,LAHORE,TEHSIL,Hearing,58120,30591,27529,,,,58120,30591,27529
SHALIMAR,LAHORE,TEHSIL,Walking/ Climbing,84853,45807,39046,,,,84853,45807,39046
SHALIMAR,LAHORE,TEHSIL,Communication,25856,14411,11445,,,,25856,14411,11445
SHALIMAR,LAHORE,TEHSIL,Memorization/ Focus,40085,20976,19109,,,,40085,20976,19109
SHALIMAR,LAHORE,TEHSIL,Self care etc,31985,16499,15486,,,,31985,16499,15486
LAYYAH,LAYYAH,DISTRICT,Population,2102361,1082999,1019362,1716092,885176,830916,386269,197823,188446
LAYYAH,LAYYAH,DISTRICT,Disability,91499,49510,41989,75550,40895,34655,15949,8615,7334
LAYYAH,LAYYAH,DISTRICT,Functional limitation,224275,114499,109776,181821,92931,88890,42454,21568,20886
LAYYAH,LAYYAH,DISTRICT,Seeing,40833,21075,19758,33238,17163,16075,7595,3912,3683
LAYYAH,LAYYAH,DISTRICT,Hearing,44107,22512,21595,35563,18168,17395,8544,4344,4200
LAYYAH,LAYYAH,DISTRICT,Walking/ Climbing,75184,39379,35805,60970,31936,29034,14214,7443,6771
LAYYAH,LAYYAH,DISTRICT,Communication,26623,14503,12120,21714,11861,9853,4909,2642,2267
LAYYAH,LAYYAH,DISTRICT,Memorization/ Focus,34661,18086,16575,28121,14670,13451,6540,3416,3124
LAYYAH,LAYYAH,DISTRICT,Self care etc,25646,12834,12812,20714,10371,10343,4932,2463,2469
CHOUBARA,LAYYAH,TEHSIL,Population,299069,156260,142809,242080,126589,115491,56989,29671,27318
CHOUBARA,LAYYAH,TEHSIL,Disability,20462,10744,9718,18050,9453,8597,2412,1291,1121
CHOUBARA,LAYYAH,TEHSIL,Functional limitation,38988,19929,19059,32854,16771,16083,6134,3158,2976
CHOUBARA,LAYYAH,TEHSIL,Seeing,7846,4098,3748,6682,3481,3201,1164,617,547
CHOUBARA,LAYYAH,TEHSIL,Hearing,8048,4118,3930,6728,3427,3301,1320,691,629
CHOUBARA,LAYYAH,TEHSIL,Walking/ Climbing,11562,6098,5464,9517,4992,4525,2045,1106,939
CHOUBARA,LAYYAH,TEHSIL,Communication,5469,2933,2536,4703,2525,2178,766,408,358
CHOUBARA,LAYYAH,TEHSIL,Memorization/ Focus,6127,3190,2937,5212,2703,2509,915,487,428
CHOUBARA,LAYYAH,TEHSIL,Self care etc,4408,2216,2192,3749,1889,1860,659,327,332
KAROR LAL ESAN,LAYYAH,TEHSIL,Population,684717,352150,332567,594087,306104,287983,90630,46046,44584
KAROR LAL ESAN,LAYYAH,TEHSIL,Disability,28037,15326,12711,24613,13480,11133,3424,1846,1578
KAROR LAL ESAN,LAYYAH,TEHSIL,Functional limitation,72259,37079,35180,62543,32197,30346,9716,4882,4834
KAROR LAL ESAN,LAYYAH,TEHSIL,Seeing,12780,6598,6182,11016,5701,5315,1764,897,867
KAROR LAL ESAN,LAYYAH,TEHSIL,Hearing,14046,7228,6818,12076,6253,5823,1970,975,995
KAROR LAL ESAN,LAYYAH,TEHSIL,Walking/ Climbing,24578,12905,11673,21327,11214,10113,3251,1691,1560
KAROR LAL ESAN,LAYYAH,TEHSIL,Communication,8267,4519,3748,7111,3909,3202,1156,610,546
KAROR LAL ESAN,LAYYAH,TEHSIL,Memorization/ Focus,11095,5767,5328,9550,4967,4583,1545,800,745
KAROR LAL ESAN,LAYYAH,TEHSIL,Self care etc,8299,4176,4123,7200,3635,3565,1099,541,558
LAYYAH,LAYYAH,TEHSIL,Population,1118575,574589,543986,879925,452483,427442,238650,122106,116544
LAYYAH,LAYYAH,TEHSIL,Disability,43000,23440,19560,32887,17962,14925,10113,5478,4635
LAYYAH,LAYYAH,TEHSIL,Functional limitation,113028,57491,55537,86424,43963,42461,26604,13528,13076
LAYYAH,LAYYAH,TEHSIL,Seeing,20207,10379,9828,15540,7981,7559,4667,2398,2269
LAYYAH,LAYYAH,TEHSIL,Hearing,22013,11166,10847,16759,8488,8271,5254,2678,2576
LAYYAH,LAYYAH,TEHSIL,Walking/ Climbing,39044,20376,18668,30126,15730,14396,8918,4646,4272
LAYYAH,LAYYAH,TEHSIL,Communication,12887,7051,5836,9900,5427,4473,2987,1624,1363
LAYYAH,LAYYAH,TEHSIL,Memorization/ Focus,17439,9129,8310,13359,7000,6359,4080,2129,1951
LAYYAH,LAYYAH,TEHSIL,Self care etc,12939,6442,6497,9765,4847,4918,3174,1595,1579
LODHRAN,LODHRAN,DISTRICT,Population,1926357,997031,929326,1603155,830808,772347,323202,166223,156979
LODHRAN,LODHRAN,DISTRICT,Disability,42812,25491,17321,35410,21007,14403,7402,4484,2918
LODHRAN,LODHRAN,DISTRICT,Functional limitation,137118,72759,64359,114093,60384,53709,23025,12375,10650
LODHRAN,LODHRAN,DISTRICT,Seeing,26671,14061,12610,22507,11826,10681,4164,2235,1929
LODHRAN,LODHRAN,DISTRICT,Hearing,30334,15823,14511,25422,13196,12226,4912,2627,2285
LODHRAN,LODHRAN,DISTRICT,Walking/ Climbing,45342,24766,20576,37805,20548,17257,7537,4218,3319
LODHRAN,LODHRAN,DISTRICT,Communication,18350,10366,7984,15372,8677,6695,2978,1689,1289
LODHRAN,LODHRAN,DISTRICT,Memorization/ Focus,22998,12404,10594,18988,10310,8678,4010,2094,1916
LODHRAN,LODHRAN,DISTRICT,Self care etc,14342,7510,6832,11760,6137,5623,2582,1373,1209
DUNYAPUR,LODHRAN,TEHSIL,Population,571328,294355,276973,519440,267783,251657,51888,26572,25316
DUNYAPUR,LODHRAN,TEHSIL,Disability,10661,6510,4151,10015,6107,3908,646,403,243
DUNYAPUR,LODHRAN,TEHSIL,Functional limitation,40184,21190,18994,36958,19510,17448,3226,1680,1546
DUNYAPUR,LODHRAN,TEHSIL,Seeing,7734,4103,3631,7068,3751,3317,666,352,314
DUNYAPUR,LODHRAN,TEHSIL,Hearing,8965,4667,4298,8235,4299,3936,730,368,362
DUNYAPUR,LODHRAN,TEHSIL,Walking/ Climbing,13411,7368,6043,12334,6781,5553,1077,587,490
DUNYAPUR,LODHRAN,TEHSIL,Communication,5123,2905,2218,4755,2705,2050,368,200,168
DUNYAPUR,LODHRAN,TEHSIL,Memorization/ Focus,6574,3520,3054,6057,3251,2806,517,269,248
DUNYAPUR,LODHRAN,TEHSIL,Self care etc,4128,2118,2010,3803,1953,1850,325,165,160
KAHROR PACCA,LODHRAN,TEHSIL,Population,546058,283641,262417,419104,218257,200847,126954,65384,61570
KAHROR PACCA,LODHRAN,TEHSIL,Disability,18249,10421,7828,13370,7528,5842,4879,2893,1986
KAHROR PACCA,LODHRAN,TEHSIL,Functional limitation,46585,24691,21894,35135,18497,16638,11450,6194,5256
KAHROR PACCA,LODHRAN,TEHSIL,Seeing,8919,4676,4243,7026,3652,3374,1893,1024,869
KAHROR PACCA,LODHRAN,TEHSIL,Hearing,9999,5195,4804,7690,3925,3765,2309,1270,1039
KAHROR PACCA,LODHRAN,TEHSIL,Walking/ Climbing,14439,7799,6640,10849,5754,5095,3590,2045,1545
KAHROR PACCA,LODHRAN,TEHSIL,Communication,6520,3654,2866,4930,2749,2181,1590,905,685
KAHROR PACCA,LODHRAN,TEHSIL,Memorization/ Focus,7815,4196,3619,5714,3149,2565,2101,1047,1054
KAHROR PACCA,LODHRAN,TEHSIL,Self care etc,5258,2789,2469,3826,2022,1804,1432,767,665
LODHRAN,LODHRAN,TEHSIL,Population,808971,419035,389936,664611,344768,319843,144360,74267,70093
LODHRAN,LODHRAN,TEHSIL,Disability,13902,8560,5342,12025,7372,4653,1877,1188,689
LODHRAN,LODHRAN,TEHSIL,Functional limitation,50349,26878,23471,42000,22377,19623,8349,4501,3848
LODHRAN,LODHRAN,TEHSIL,Seeing,10018,5282,4736,8413,4423,3990,1605,859,746
LODHRAN,LODHRAN,TEHSIL,Hearing,11370,5961,5409,9497,4972,4525,1873,989,884
LODHRAN,LODHRAN,TEHSIL,Walking/ Climbing,17492,9599,7893,14622,8013,6609,2870,1586,1284
LODHRAN,LODHRAN,TEHSIL,Communication,6707,3807,2900,5687,3223,2464,1020,584,436
LODHRAN,LODHRAN,TEHSIL,Memorization/ Focus,8609,4688,3921,7217,3910,3307,1392,778,614
LODHRAN,LODHRAN,TEHSIL,Self care etc,4956,2603,2353,4131,2162,1969,825,441,384
MANDI BAHAUDDIN,MANDI BAHAUDDIN,DISTRICT,Population,1829152,917105,912047,1483259,743210,740049,345893,173895,171998
MANDI BAHAUDDIN,MANDI BAHAUDDIN,DISTRICT,Disability,73069,39961,33108,61213,33376,27837,11856,6585,5271
MANDI BAHAUDDIN,MANDI BAHAUDDIN,DISTRICT,Functional limitation,282049,145038,137011,232064,119350,112714,49985,25688,24297
MANDI BAHAUDDIN,MANDI BAHAUDDIN,DISTRICT,Seeing,51197,26389,24808,42221,21797,20424,8976,4592,4384
MANDI BAHAUDDIN,MANDI BAHAUDDIN,DISTRICT,Hearing,59862,30647,29215,49164,25256,23908,10698,5391,5307
MANDI BAHAUDDIN,MANDI BAHAUDDIN,DISTRICT,Walking/ Climbing,84986,44525,40461,70265,36791,33474,14721,7734,6987
MANDI BAHAUDDIN,MANDI BAHAUDDIN,DISTRICT,Communication,28782,15384,13398,23335,12439,10896,5447,2945,2502
MANDI BAHAUDDIN,MANDI BAHAUDDIN,DISTRICT,Memorization/ Focus,41495,21746,19749,33695,17683,16012,7800,4063,3737
MANDI BAHAUDDIN,MANDI BAHAUDDIN,DISTRICT,Self care etc,32824,16717,16107,27231,13835,13396,5593,2882,2711
MALAKWAL,MANDI BAHAUDDIN,TEHSIL,Population,429189,215548,213641,377909,190120,187789,51280,25428,25852
MALAKWAL,MANDI BAHAUDDIN,TEHSIL,Disability,27005,14382,12623,24158,12841,11317,2847,1541,1306
MALAKWAL,MANDI BAHAUDDIN,TEHSIL,Functional limitation,77180,39667,37513,68292,35167,33125,8888,4500,4388
MALAKWAL,MANDI BAHAUDDIN,TEHSIL,Seeing,13680,7019,6661,12199,6301,5898,1481,718,763
MALAKWAL,MANDI BAHAUDDIN,TEHSIL,Hearing,16191,8276,7915,14370,7438,6932,1821,838,983
MALAKWAL,MANDI BAHAUDDIN,TEHSIL,Walking/ Climbing,22027,11440,10587,19852,10285,9567,2175,1155,1020
MALAKWAL,MANDI BAHAUDDIN,TEHSIL,Communication,8412,4482,3930,7163,3791,3372,1249,691,558
MALAKWAL,MANDI BAHAUDDIN,TEHSIL,Memorization/ Focus,11482,6109,5373,9794,5249,4545,1688,860,828
MALAKWAL,MANDI BAHAUDDIN,TEHSIL,Self care etc,9464,4794,4670,8573,4310,4263,891,484,407
MANDI BAHAUDDIN,MANDI BAHAUDDIN,TEHSIL,Population,764327,382954,381373,532167,265652,266515,232160,117302,114858
MANDI BAHAUDDIN,MANDI BAHAUDDIN,TEHSIL,Disability,24162,13538,10624,16758,9395,7363,7404,4143,3261
MANDI BAHAUDDIN,MANDI BAHAUDDIN,TEHSIL,Functional limitation,110021,56623,53398,77476,39787,37689,32545,16836,15709
MANDI BAHAUDDIN,MANDI BAHAUDDIN,TEHSIL,Seeing,20017,10325,9692,14100,7258,6842,5917,3067,2850
MANDI BAHAUDDIN,MANDI BAHAUDDIN,TEHSIL,Hearing,23685,12072,11613,16685,8473,8212,7000,3599,3401
MANDI BAHAUDDIN,MANDI BAHAUDDIN,TEHSIL,Walking/ Climbing,33923,17804,16119,23942,12564,11378,9981,5240,4741
MANDI BAHAUDDIN,MANDI BAHAUDDIN,TEHSIL,Communication,10910,5858,5052,7550,4046,3504,3360,1812,1548
MANDI BAHAUDDIN,MANDI BAHAUDDIN,TEHSIL,Memorization/ Focus,16112,8442,7670,11252,5896,5356,4860,2546,2314
MANDI BAHAUDDIN,MANDI BAHAUDDIN,TEHSIL,Self care etc,12598,6417,6181,8867,4506,4361,3731,1911,1820
PHALIA,MANDI BAHAUDDIN,TEHSIL,Population,635636,318603,317033,573183,287438,285745,62453,31165,31288
PHALIA,MANDI BAHAUDDIN,TEHSIL,Disability,21902,12041,9861,20297,11140,9157,1605,901,704
PHALIA,MANDI BAHAUDDIN,TEHSIL,Functional limitation,94848,48748,46100,86296,44396,41900,8552,4352,4200
PHALIA,MANDI BAHAUDDIN,TEHSIL,Seeing,17500,9045,8455,15922,8238,7684,1578,807,771
PHALIA,MANDI BAHAUDDIN,TEHSIL,Hearing,19986,10299,9687,18109,9345,8764,1877,954,923
PHALIA,MANDI BAHAUDDIN,TEHSIL,Walking/ Climbing,29036,15281,13755,26471,13942,12529,2565,1339,1226
PHALIA,MANDI BAHAUDDIN,TEHSIL,Communication,9460,5044,4416,8622,4602,4020,838,442,396
PHALIA,MANDI BAHAUDDIN,TEHSIL,Memorization/ Focus,13901,7195,6706,12649,6538,6111,1252,657,595
PHALIA,MANDI BAHAUDDIN,TEHSIL,Self care etc,10762,5506,5256,9791,5019,4772,971,487,484
MIANWALI,MIANWALI,DISTRICT,Population,1795897,917042,878855,1432505,731107,701398,363392,185935,177457
MIANWALI,MIANWALI,DISTRICT,Disability,93835,53341,40494,77163,43833,33330,16672,9508,7164
MIANWALI,MIANWALI,DISTRICT,Functional limitation,298222,162226,135996,238400,129518,108882,59822,32708,27114
MIANWALI,MIANWALI,DISTRICT,Seeing,52717,28639,24078,42128,22843,19285,10589,5796,4793
MIANWALI,MIANWALI,DISTRICT,Hearing,61065,32978,28087,48507,26131,22376,12558,6847,5711
MIANWALI,MIANWALI,DISTRICT,Walking/ Climbing,93584,51310,42274,74434,40838,33596,19150,10472,8678
MIANWALI,MIANWALI,DISTRICT,Communication,31576,17656,13920,25415,14271,11144,6161,3385,2776
MIANWALI,MIANWALI,DISTRICT,Memorization/ Focus,44176,24169,20007,35621,19501,16120,8555,4668,3887
MIANWALI,MIANWALI,DISTRICT,Self care etc,34768,18853,15915,27787,15031,12756,6981,3822,3159
ISAKHEL,MIANWALI,TEHSIL,Population,414091,206478,207613,319550,159567,159983,94541,46911,47630
ISAKHEL,MIANWALI,TEHSIL,Disability,28928,15428,13500,22899,12181,10718,6029,3247,2782
ISAKHEL,MIANWALI,TEHSIL,Functional limitation,75123,39392,35731,57863,30297,27566,17260,9095,8165
ISAKHEL,MIANWALI,TEHSIL,Seeing,14022,7419,6603,10959,5774,5185,3063,1645,1418
ISAKHEL,MIANWALI,TEHSIL,Hearing,15627,8247,7380,11984,6290,5694,3643,1957,1686
ISAKHEL,MIANWALI,TEHSIL,Walking/ Climbing,20986,11113,9873,15527,8235,7292,5459,2878,2581
ISAKHEL,MIANWALI,TEHSIL,Communication,8802,4621,4181,7005,3676,3329,1797,945,852
ISAKHEL,MIANWALI,TEHSIL,Memorization/ Focus,11666,6185,5481,9282,4934,4348,2384,1251,1133
ISAKHEL,MIANWALI,TEHSIL,Self care etc,9216,4767,4449,7040,3636,3404,2176,1131,1045
MIANWALI,MIANWALI,TEHSIL,Population,906756,465064,441692,744174,381049,363125,162582,84015,78567
MIANWALI,MIANWALI,TEHSIL,Disability,44012,25512,18500,37397,21619,15778,6615,3893,2722
MIANWALI,MIANWALI,TEHSIL,Functional limitation,149946,82195,67751,123738,67562,56176,26208,14633,11575
MIANWALI,MIANWALI,TEHSIL,Seeing,25836,14099,11737,21213,11541,9672,4623,2558,2065
MIANWALI,MIANWALI,TEHSIL,Hearing,30538,16529,14009,25072,13530,11542,5466,2999,2467
MIANWALI,MIANWALI,TEHSIL,Walking/ Climbing,48459,26751,21708,40063,22065,17998,8396,4686,3710
MIANWALI,MIANWALI,TEHSIL,Communication,15397,8760,6637,12688,7256,5432,2709,1504,1205
MIANWALI,MIANWALI,TEHSIL,Memorization/ Focus,22056,12133,9923,18258,10035,8223,3798,2098,1700
MIANWALI,MIANWALI,TEHSIL,Self care etc,17301,9491,7810,14340,7814,6526,2961,1677,1284
PIPLAN,MIANWALI,TEHSIL,Population,475050,245500,229550,368781,190491,178290,106269,55009,51260
PIPLAN,MIANWALI,TEHSIL,Disability,20895,12401,8494,16867,10033,6834,4028,2368,1660
PIPLAN,MIANWALI,TEHSIL,Functional limitation,73153,40639,32514,56799,31659,25140,16354,8980,7374
PIPLAN,MIANWALI,TEHSIL,Seeing,12859,7121,5738,9956,5528,4428,2903,1593,1310
PIPLAN,MIANWALI,TEHSIL,Hearing,14900,8202,6698,11451,6311,5140,3449,1891,1558
PIPLAN,MIANWALI,TEHSIL,Walking/ Climbing,24139,13446,10693,18844,10538,8306,5295,2908,2387
PIPLAN,MIANWALI,TEHSIL,Communication,7377,4275,3102,5722,3339,2383,1655,936,719
PIPLAN,MIANWALI,TEHSIL,Memorization/ Focus,10454,5851,4603,8081,4532,3549,2373,1319,1054
PIPLAN,MIANWALI,TEHSIL,Self care etc,8251,4595,3656,6407,3581,2826,1844,1014,830
MULTAN,MULTAN,DISTRICT,Population,5340762,2720684,2620078,2859260,1450947,1408313,2481502,1269737,1211765
MULTAN,MULTAN,DISTRICT,Disability,151125,82262,68863,90480,48588,41892,60645,33674,26971
MULTAN,MULTAN,DISTRICT,Functional limitation,535148,277591,257557,289445,148525,140920,245703,129066,116637
MULTAN,MULTAN,DISTRICT,Seeing,99718,51919,47799,54361,27970,26391,45357,23949,21408
MULTAN,MULTAN,DISTRICT,Hearing,111168,57581,53587,60171,30800,29371,50997,26781,24216
MULTAN,MULTAN,DISTRICT,Walking/ Climbing,172293,91117,81176,92065,48565,43500,80228,42552,37676
MULTAN,MULTAN,DISTRICT,Communication,59072,31939,27133,33938,18425,15513,25134,13514,11620
MULTAN,MULTAN,DISTRICT,Memorization/ Focus,81223,42884,38339,43955,22892,21063,37268,19992,17276
MULTAN,MULTAN,DISTRICT,Self care etc,58548,29756,28792,31534,15569,15965,27014,14187,12827
JALALPUR PIRWALA,MULTAN,TEHSIL,Population,608174,304414,303760,518714,259541,259173,89460,44873,44587
JALALPUR PIRWALA,MULTAN,TEHSIL,Disability,36076,19250,16826,31708,16804,14904,4368,2446,1922
JALALPUR PIRWALA,MULTAN,TEHSIL,Functional limitation,78165,39947,38218,67519,34368,33151,10646,5579,5067
JALALPUR PIRWALA,MULTAN,TEHSIL,Seeing,15059,7574,7485,13396,6752,6644,1663,822,841
JALALPUR PIRWALA,MULTAN,TEHSIL,Hearing,16663,8335,8328,14649,7302,7347,2014,1033,981
JALALPUR PIRWALA,MULTAN,TEHSIL,Walking/ Climbing,22796,11938,10858,19258,10346,8912,3538,1592,1946
JALALPUR PIRWALA,MULTAN,TEHSIL,Communication,9169,4760,4409,8287,4281,4006,882,479,403
JALALPUR PIRWALA,MULTAN,TEHSIL,Memorization/ Focus,11864,6235,5629,10252,5228,5024,1612,1007,605
JALALPUR PIRWALA,MULTAN,TEHSIL,Self care etc,9950,5367,4583,8036,4165,3871,1914,1202,712
MULTAN CITY,MULTAN,TEHSIL,Population,2548828,1307182,1241646,385302,198274,187028,2163526,1108908,1054618
MULTAN CITY,MULTAN,TEHSIL,Disability,60028,33671,26357,9237,5192,4045,50791,28479,22312
MULTAN CITY,MULTAN,TEHSIL,Functional limitation,249410,131742,117668,36297,19333,16964,213113,112409,100704
MULTAN CITY,MULTAN,TEHSIL,Seeing,46116,24472,21644,6632,3529,3103,39484,20943,18541
MULTAN CITY,MULTAN,TEHSIL,Hearing,51956,27401,24555,7490,3975,3515,44466,23426,21040
MULTAN CITY,MULTAN,TEHSIL,Walking/ Climbing,81333,43597,37736,11811,6390,5421,69522,37207,32315
MULTAN CITY,MULTAN,TEHSIL,Communication,25661,13890,11771,3762,2077,1685,21899,11813,10086
MULTAN CITY,MULTAN,TEHSIL,Memorization/ Focus,37284,20158,17126,5293,2852,2441,31991,17306,14685
MULTAN CITY,MULTAN,TEHSIL,Self care etc,26932,14003,12929,3977,2106,1871,22955,11897,11058
MULTAN SADDAR,MULTAN,TEHSIL,Population,1501453,762927,738526,1424032,723652,700380,77421,39275,38146
MULTAN SADDAR,MULTAN,TEHSIL,Disability,34254,19065,15189,32889,18330,14559,1365,735,630
MULTAN SADDAR,MULTAN,TEHSIL,Functional limitation,140600,72479,68121,133260,68727,64533,7340,3752,3588
MULTAN SADDAR,MULTAN,TEHSIL,Seeing,26594,13791,12803,25169,13039,12130,1425,752,673
MULTAN SADDAR,MULTAN,TEHSIL,Hearing,29729,15306,14423,28093,14474,13619,1636,832,804
MULTAN SADDAR,MULTAN,TEHSIL,Walking/ Climbing,46888,24666,22222,44457,23422,21035,2431,1244,1187
MULTAN SADDAR,MULTAN,TEHSIL,Communication,15080,8218,6862,14318,7807,6511,762,411,351
MULTAN SADDAR,MULTAN,TEHSIL,Memorization/ Focus,20908,11039,9869,19808,10464,9344,1100,575,525
MULTAN SADDAR,MULTAN,TEHSIL,Self care etc,14579,7358,7221,13845,6987,6858,734,371,363
SHUJABAD,MULTAN,TEHSIL,Population,682307,346161,336146,531212,269480,261732,151095,76681,74414
SHUJABAD,MULTAN,TEHSIL,Disability,20767,10276,10491,16646,8262,8384,4121,2014,2107
SHUJABAD,MULTAN,TEHSIL,Functional limitation,66973,33423,33550,52369,26097,26272,14604,7326,7278
SHUJABAD,MULTAN,TEHSIL,Seeing,11949,6082,5867,9164,4650,4514,2785,1432,1353
SHUJABAD,MULTAN,TEHSIL,Hearing,12820,6539,6281,9939,5049,4890,2881,1490,1391
SHUJABAD,MULTAN,TEHSIL,Walking/ Climbing,21276,10916,10360,16539,8407,8132,4737,2509,2228
SHUJABAD,MULTAN,TEHSIL,Communication,9162,5071,4091,7571,4260,3311,1591,811,780
SHUJABAD,MULTAN,TEHSIL,Memorization/ Focus,11167,5452,5715,8602,4348,4254,2565,1104,1461
SHUJABAD,MULTAN,TEHSIL,Self care etc,7087,3028,4059,5676,2311,3365,1411,717,694
MUZAFFARGARH,MUZAFFARGARH,DISTRICT,Population,5012124,2545452,2466672,4066845,2066352,2000493,945279,479100,466179
MUZAFFARGARH,MUZAFFARGARH,DISTRICT,Disability,178440,94212,84228,141662,75105,66557,36778,19107,17671
MUZAFFARGARH,MUZAFFARGARH,DISTRICT,Functional limitation,541984,287513,254471,431998,229467,202531,109986,58046,51940
MUZAFFARGARH,MUZAFFARGARH,DISTRICT,Seeing,97206,51759,45447,76135,40614,35521,21071,11145,9926
MUZAFFARGARH,MUZAFFARGARH,DISTRICT,Hearing,110632,59107,51525,88187,47231,40956,22445,11876,10569
MUZAFFARGARH,MUZAFFARGARH,DISTRICT,Walking/ Climbing,173505,92947,80558,138991,74247,64744,34514,18700,15814
MUZAFFARGARH,MUZAFFARGARH,DISTRICT,Communication,58381,31738,26643,46793,25437,21356,11588,6301,5287
MUZAFFARGARH,MUZAFFARGARH,DISTRICT,Memorization/ Focus,81224,43271,37953,65345,35227,30118,15879,8044,7835
MUZAFFARGARH,MUZAFFARGARH,DISTRICT,Self care etc,62487,32618,29869,50371,26344,24027,12116,6274,5842
ALIPUR,MUZAFFARGARH,TEHSIL,Population,760524,389281,371243,582631,298295,284336,177893,90986,86907
ALIPUR,MUZAFFARGARH,TEHSIL,Disability,29306,15498,13808,19922,10873,9049,9384,4625,4759
ALIPUR,MUZAFFARGARH,TEHSIL,Functional limitation,81786,43350,38436,59564,31947,27617,22222,11403,10819
ALIPUR,MUZAFFARGARH,TEHSIL,Seeing,15462,8184,7278,10162,5422,4740,5300,2762,2538
ALIPUR,MUZAFFARGARH,TEHSIL,Hearing,15926,8329,7597,11563,6068,5495,4363,2261,2102
ALIPUR,MUZAFFARGARH,TEHSIL,Walking/ Climbing,25063,13208,11855,18443,9733,8710,6620,3475,3145
ALIPUR,MUZAFFARGARH,TEHSIL,Communication,9284,5513,3771,7051,4138,2913,2233,1375,858
ALIPUR,MUZAFFARGARH,TEHSIL,Memorization/ Focus,12413,6574,5839,9584,5325,4259,2829,1249,1580
ALIPUR,MUZAFFARGARH,TEHSIL,Self care etc,9410,4777,4633,7366,3859,3507,2044,918,1126
CHOWK SARWAR SHAHEED,MUZAFFARGARH,TEHSIL,Population,414200,207532,206668,351069,176181,174888,63131,31351,31780
CHOWK SARWAR SHAHEED,MUZAFFARGARH,TEHSIL,Disability,27595,14299,13296,23661,12174,11487,3934,2125,1809
CHOWK SARWAR SHAHEED,MUZAFFARGARH,TEHSIL,Functional limitation,59705,31383,28322,50362,26370,23992,9343,5013,4330
CHOWK SARWAR SHAHEED,MUZAFFARGARH,TEHSIL,Seeing,8769,4458,4311,7259,3703,3556,1510,755,755
CHOWK SARWAR SHAHEED,MUZAFFARGARH,TEHSIL,Hearing,12963,6852,6111,10890,5823,5067,2073,1029,1044
CHOWK SARWAR SHAHEED,MUZAFFARGARH,TEHSIL,Walking/ Climbing,16797,9020,7777,14130,7525,6605,2667,1495,1172
CHOWK SARWAR SHAHEED,MUZAFFARGARH,TEHSIL,Communication,7632,4066,3566,6496,3306,3190,1136,760,376
CHOWK SARWAR SHAHEED,MUZAFFARGARH,TEHSIL,Memorization/ Focus,9062,4792,4270,7754,4168,3586,1308,624,684
CHOWK SARWAR SHAHEED,MUZAFFARGARH,TEHSIL,Self care etc,8245,4300,3945,6869,3546,3323,1376,754,622
JATOI,MUZAFFARGARH,TEHSIL,Population,861713,436563,425150,644502,327404,317098,217211,109159,108052
JATOI,MUZAFFARGARH,TEHSIL,Disability,32888,16913,15975,26082,13388,12694,6806,3525,3281
JATOI,MUZAFFARGARH,TEHSIL,Functional limitation,92539,48383,44156,70144,36704,33440,22395,11679,10716
JATOI,MUZAFFARGARH,TEHSIL,Seeing,16928,9061,7867,12694,6825,5869,4234,2236,1998
JATOI,MUZAFFARGARH,TEHSIL,Hearing,18179,9755,8424,13484,7221,6263,4695,2534,2161
JATOI,MUZAFFARGARH,TEHSIL,Walking/ Climbing,30520,16227,14293,23218,12276,10942,7302,3951,3351
JATOI,MUZAFFARGARH,TEHSIL,Communication,10457,5085,5372,7923,3914,4009,2534,1171,1363
JATOI,MUZAFFARGARH,TEHSIL,Memorization/ Focus,13675,7112,6563,10439,5403,5036,3236,1709,1527
JATOI,MUZAFFARGARH,TEHSIL,Self care etc,10036,5308,4728,7678,4096,3582,2358,1212,1146
KOT ADDU,MUZAFFARGARH,TEHSIL,Population,1071282,538387,532895,851396,428898,422498,219886,109489,110397
KOT ADDU,MUZAFFARGARH,TEHSIL,Disability,34097,18201,15896,26286,14163,12123,7811,4038,3773
KOT ADDU,MUZAFFARGARH,TEHSIL,Functional limitation,115349,61190,54159,89426,47624,41802,25923,13566,12357
KOT ADDU,MUZAFFARGARH,TEHSIL,Seeing,20997,11153,9844,16195,8626,7569,4802,2527,2275
KOT ADDU,MUZAFFARGARH,TEHSIL,Hearing,23826,12741,11085,18450,9945,8505,5376,2796,2580
KOT ADDU,MUZAFFARGARH,TEHSIL,Walking/ Climbing,37714,20274,17440,29259,15710,13549,8455,4564,3891
KOT ADDU,MUZAFFARGARH,TEHSIL,Communication,12062,6600,5462,9160,5144,4016,2902,1456,1446
KOT ADDU,MUZAFFARGARH,TEHSIL,Memorization/ Focus,17078,9144,7934,13254,7163,6091,3824,1981,1843
KOT ADDU,MUZAFFARGARH,TEHSIL,Self care etc,12851,6709,6142,10150,5302,4848,2701,1407,1294
MUZAFFARGARH,MUZAFFARGARH,TEHSIL,Population,1904405,973689,930716,1637247,835574,801673,267158,138115,129043
MUZAFFARGARH,MUZAFFARGARH,TEHSIL,Disability,54554,29301,25253,45711,24507,21204,8843,4794,4049
MUZAFFARGARH,MUZAFFARGARH,TEHSIL,Functional limitation,192605,103207,89398,162502,86822,75680,30103,16385,13718
MUZAFFARGARH,MUZAFFARGARH,TEHSIL,Seeing,35050,18903,16147,29825,16038,13787,5225,2865,2360
MUZAFFARGARH,MUZAFFARGARH,TEHSIL,Hearing,39738,21430,18308,33800,18174,15626,5938,3256,2682
MUZAFFARGARH,MUZAFFARGARH,TEHSIL,Walking/ Climbing,63411,34218,29193,53941,29003,24938,9470,5215,4255
MUZAFFARGARH,MUZAFFARGARH,TEHSIL,Communication,18946,10474,8472,16163,8935,7228,2783,1539,1244
MUZAFFARGARH,MUZAFFARGARH,TEHSIL,Memorization/ Focus,28996,15649,13347,24314,13168,11146,4682,2481,2201
MUZAFFARGARH,MUZAFFARGARH,TEHSIL,Self care etc,21945,11524,10421,18308,9541,8767,3637,1983,1654
NANKANA SAHIB,NANKANA SAHIB,DISTRICT,Population,1634871,832012,802859,1311483,669616,641867,323388,162396,160992
NANKANA SAHIB,NANKANA SAHIB,DISTRICT,Disability,37175,21731,15444,30625,18077,12548,6550,3654,2896
NANKANA SAHIB,NANKANA SAHIB,DISTRICT,Functional limitation,136656,70122,66534,110241,56885,53356,26415,13237,13178
NANKANA SAHIB,NANKANA SAHIB,DISTRICT,Seeing,25783,13225,12558,20974,10747,10227,4809,2478,2331
NANKANA SAHIB,NANKANA SAHIB,DISTRICT,Hearing,30191,15267,14924,24524,12476,12048,5667,2791,2876
NANKANA SAHIB,NANKANA SAHIB,DISTRICT,Walking/ Climbing,42511,22422,20089,34416,18305,16111,8095,4117,3978
NANKANA SAHIB,NANKANA SAHIB,DISTRICT,Communication,16098,8791,7307,12478,6733,5745,3620,2058,1562
NANKANA SAHIB,NANKANA SAHIB,DISTRICT,Memorization/ Focus,21508,11271,10237,16779,8831,7948,4729,2440,2289
NANKANA SAHIB,NANKANA SAHIB,DISTRICT,Self care etc,15273,7759,7514,12320,6380,5940,2953,1379,1574
NANKANA SAHIB,NANKANA SAHIB,TEHSIL,Population,1065063,545681,519382,935022,480245,454777,130041,65436,64605
NANKANA SAHIB,NANKANA SAHIB,TEHSIL,Disability,18516,11312,7204,16698,10200,6498,1818,1112,706
NANKANA SAHIB,NANKANA SAHIB,TEHSIL,Functional limitation,81463,41998,39465,71537,37021,34516,9926,4977,4949
NANKANA SAHIB,NANKANA SAHIB,TEHSIL,Seeing,15924,8206,7718,13798,7120,6678,2126,1086,1040
NANKANA SAHIB,NANKANA SAHIB,TEHSIL,Hearing,18487,9407,9080,16078,8222,7856,2409,1185,1224
NANKANA SAHIB,NANKANA SAHIB,TEHSIL,Walking/ Climbing,26294,14075,12219,22978,12355,10623,3316,1720,1596
NANKANA SAHIB,NANKANA SAHIB,TEHSIL,Communication,9385,5119,4266,8096,4419,3677,1289,700,589
NANKANA SAHIB,NANKANA SAHIB,TEHSIL,Memorization/ Focus,12910,6841,6069,11176,5944,5232,1734,897,837
NANKANA SAHIB,NANKANA SAHIB,TEHSIL,Self care etc,8681,4409,4272,7671,3916,3755,1010,493,517
SANGLA HILL,NANKANA SAHIB,TEHSIL,Population,269993,135014,134979,166284,83297,82987,103709,51717,51992
SANGLA HILL,NANKANA SAHIB,TEHSIL,Disability,12729,7331,5398,9294,5471,3823,3435,1860,1575
SANGLA HILL,NANKANA SAHIB,TEHSIL,Functional limitation,30506,15933,14573,20604,10897,9707,9902,5036,4866
SANGLA HILL,NANKANA SAHIB,TEHSIL,Seeing,5410,2802,2608,3891,2004,1887,1519,798,721
SANGLA HILL,NANKANA SAHIB,TEHSIL,Hearing,6293,3194,3099,4487,2310,2177,1806,884,922
SANGLA HILL,NANKANA SAHIB,TEHSIL,Walking/ Climbing,8532,4418,4114,5903,3085,2818,2629,1333,1296
SANGLA HILL,NANKANA SAHIB,TEHSIL,Communication,3960,2306,1654,2355,1319,1036,1605,987,618
SANGLA HILL,NANKANA SAHIB,TEHSIL,Memorization/ Focus,4849,2539,2310,2860,1516,1344,1989,1023,966
SANGLA HILL,NANKANA SAHIB,TEHSIL,Self care etc,3823,2018,1805,2585,1475,1110,1238,543,695
SHAH KOT,NANKANA SAHIB,TEHSIL,Population,299815,151317,148498,210177,106074,104103,89638,45243,44395
SHAH KOT,NANKANA SAHIB,TEHSIL,Disability,5930,3088,2842,4633,2406,2227,1297,682,615
SHAH KOT,NANKANA SAHIB,TEHSIL,Functional limitation,24687,12191,12496,18100,8967,9133,6587,3224,3363
SHAH KOT,NANKANA SAHIB,TEHSIL,Seeing,4449,2217,2232,3285,1623,1662,1164,594,570
SHAH KOT,NANKANA SAHIB,TEHSIL,Hearing,5411,2666,2745,3959,1944,2015,1452,722,730
SHAH KOT,NANKANA SAHIB,TEHSIL,Walking/ Climbing,7685,3929,3756,5535,2865,2670,2150,1064,1086
SHAH KOT,NANKANA SAHIB,TEHSIL,Communication,2753,1366,1387,2027,995,1032,726,371,355
SHAH KOT,NANKANA SAHIB,TEHSIL,Memorization/ Focus,3749,1891,1858,2743,1371,1372,1006,520,486
SHAH KOT,NANKANA SAHIB,TEHSIL,Self care etc,2769,1332,1437,2064,989,1075,705,343,362
NAROWAL,NAROWAL,DISTRICT,Population,1950769,996442,954327,1601749,818925,782824,349020,177517,171503
NAROWAL,NAROWAL,DISTRICT,Disability,59839,35244,24595,47791,27835,19956,12048,7409,4639
NAROWAL,NAROWAL,DISTRICT,Functional limitation,191981,103576,88405,155090,83242,71848,36891,20334,16557
NAROWAL,NAROWAL,DISTRICT,Seeing,36206,19394,16812,29869,16000,13869,6337,3394,2943
NAROWAL,NAROWAL,DISTRICT,Hearing,39067,20933,18134,31883,17068,14815,7184,3865,3319
NAROWAL,NAROWAL,DISTRICT,Walking/ Climbing,62673,34436,28237,50684,27751,22933,11989,6685,5304
NAROWAL,NAROWAL,DISTRICT,Communication,21755,12299,9456,17971,10118,7853,3784,2181,1603
NAROWAL,NAROWAL,DISTRICT,Memorization/ Focus,29138,15992,13146,23827,13032,10795,5311,2960,2351
NAROWAL,NAROWAL,DISTRICT,Self care etc,21119,11401,9718,16737,8942,7795,4382,2459,1923
NAROWAL,NAROWAL,TEHSIL,Population,680217,347670,332547,510578,261392,249186,169639,86278,83361
NAROWAL,NAROWAL,TEHSIL,Disability,17127,10673,6454,11569,7245,4324,5558,3428,2130
NAROWAL,NAROWAL,TEHSIL,Functional limitation,62530,34391,28139,44982,24720,20262,17548,9671,7877
NAROWAL,NAROWAL,TEHSIL,Seeing,12179,6526,5653,9138,4897,4241,3041,1629,1412
NAROWAL,NAROWAL,TEHSIL,Hearing,12737,6890,5847,9311,5051,4260,3426,1839,1587
NAROWAL,NAROWAL,TEHSIL,Walking/ Climbing,21372,11996,9376,15644,8814,6830,5728,3182,2546
NAROWAL,NAROWAL,TEHSIL,Communication,6780,3937,2843,4990,2904,2086,1790,1033,757
NAROWAL,NAROWAL,TEHSIL,Memorization/ Focus,9395,5239,4156,6843,3813,3030,2552,1426,1126
NAROWAL,NAROWAL,TEHSIL,Self care etc,6505,3621,2884,4441,2457,1984,2064,1164,900
SHAKARGARH,NAROWAL,TEHSIL,Population,769339,393530,375809,642597,329038,313559,126742,64492,62250
SHAKARGARH,NAROWAL,TEHSIL,Disability,18908,11639,7269,14044,8650,5394,4864,2989,1875
SHAKARGARH,NAROWAL,TEHSIL,Functional limitation,71815,38921,32894,57739,31123,26616,14076,7798,6278
SHAKARGARH,NAROWAL,TEHSIL,Seeing,13475,7229,6246,11116,5956,5160,2359,1273,1086
SHAKARGARH,NAROWAL,TEHSIL,Hearing,14775,7897,6878,12058,6426,5632,2717,1471,1246
SHAKARGARH,NAROWAL,TEHSIL,Walking/ Climbing,24284,13359,10925,19726,10805,8921,4558,2554,2004
SHAKARGARH,NAROWAL,TEHSIL,Communication,7679,4459,3220,6230,3611,2619,1449,848,601
SHAKARGARH,NAROWAL,TEHSIL,Memorization/ Focus,10604,5863,4741,8603,4736,3867,2001,1127,874
SHAKARGARH,NAROWAL,TEHSIL,Self care etc,7772,4249,3523,6059,3286,2773,1713,963,750
ZAFARWAL,NAROWAL,TEHSIL,Population,501213,255242,245971,448574,228495,220079,52639,26747,25892
ZAFARWAL,NAROWAL,TEHSIL,Disability,23804,12932,10872,22178,11940,10238,1626,992,634
ZAFARWAL,NAROWAL,TEHSIL,Functional limitation,57636,30264,27372,52369,27399,24970,5267,2865,2402
ZAFARWAL,NAROWAL,TEHSIL,Seeing,10552,5639,4913,9615,5147,4468,937,492,445
ZAFARWAL,NAROWAL,TEHSIL,Hearing,11555,6146,5409,10514,5591,4923,1041,555,486
ZAFARWAL,NAROWAL,TEHSIL,Walking/ Climbing,17017,9081,7936,15314,8132,7182,1703,949,754
ZAFARWAL,NAROWAL,TEHSIL,Communication,7296,3903,3393,6751,3603,3148,545,300,245
ZAFARWAL,NAROWAL,TEHSIL,Memorization/ Focus,9139,4890,4249,8381,4483,3898,758,407,351
ZAFARWAL,NAROWAL,TEHSIL,Self care etc,6842,3531,3311,6237,3199,3038,605,332,273
OKARA,OKARA,DISTRICT,Population,3503451,1784301,1719150,2327975,1187345,1140630,1175476,596956,578520
OKARA,OKARA,DISTRICT,Disability,87309,51020,36289,60812,35617,25195,26497,15403,11094
OKARA,OKARA,DISTRICT,Functional limitation,335509,185991,149518,224391,124648,99743,111118,61343,49775
OKARA,OKARA,DISTRICT,Seeing,63473,34993,28480,42552,23449,19103,20921,11544,9377
OKARA,OKARA,DISTRICT,Hearing,72081,39725,32356,48009,26493,21516,24072,13232,10840
OKARA,OKARA,DISTRICT,Walking/ Climbing,106065,59396,46669,71039,39712,31327,35026,19684,15342
OKARA,OKARA,DISTRICT,Communication,36554,20934,15620,24189,14141,10048,12365,6793,5572
OKARA,OKARA,DISTRICT,Memorization/ Focus,51192,28426,22766,34210,19056,15154,16982,9370,7612
OKARA,OKARA,DISTRICT,Self care etc,36469,20157,16312,24454,13525,10929,12015,6632,5383
DEPALPUR,OKARA,TEHSIL,Population,1592201,811015,781186,1130731,577802,552929,461470,233213,228257
DEPALPUR,OKARA,TEHSIL,Disability,31703,18808,12895,21885,13056,8829,9818,5752,4066
DEPALPUR,OKARA,TEHSIL,Functional limitation,143176,79470,63706,100084,55792,44292,43092,23678,19414
DEPALPUR,OKARA,TEHSIL,Seeing,28207,15502,12705,19863,10936,8927,8344,4566,3778
DEPALPUR,OKARA,TEHSIL,Hearing,31347,17288,14059,21876,12144,9732,9471,5144,4327
DEPALPUR,OKARA,TEHSIL,Walking/ Climbing,46246,25964,20282,32715,18427,14288,13531,7537,5994
DEPALPUR,OKARA,TEHSIL,Communication,14939,8557,6382,10253,5935,4318,4686,2622,2064
DEPALPUR,OKARA,TEHSIL,Memorization/ Focus,21787,12060,9727,15147,8435,6712,6640,3625,3015
DEPALPUR,OKARA,TEHSIL,Self care etc,14756,8161,6595,10171,5656,4515,4585,2505,2080
OKARA,OKARA,TEHSIL,Population,1382002,703875,678127,767766,390835,376931,614236,313040,301196
OKARA,OKARA,TEHSIL,Disability,29899,17913,11986,15362,9268,6094,14537,8645,5892
OKARA,OKARA,TEHSIL,Functional limitation,128539,71684,56855,69820,38861,30959,58719,32823,25896
OKARA,OKARA,TEHSIL,Seeing,24287,13411,10876,13446,7391,6055,10841,6020,4821
OKARA,OKARA,TEHSIL,Hearing,27725,15341,12384,15154,8374,6780,12571,6967,5604
OKARA,OKARA,TEHSIL,Walking/ Climbing,41550,23494,18056,22860,12928,9932,18690,10566,8124
OKARA,OKARA,TEHSIL,Communication,13648,7907,5741,7347,4290,3057,6301,3617,2684
OKARA,OKARA,TEHSIL,Memorization/ Focus,19400,10821,8579,10506,5843,4663,8894,4978,3916
OKARA,OKARA,TEHSIL,Self care etc,13570,7545,6025,7068,3920,3148,6502,3625,2877
RENALA KHURD,OKARA,TEHSIL,Population,529248,269411,259837,429478,218708,210770,99770,50703,49067
RENALA KHURD,OKARA,TEHSIL,Disability,25707,14299,11408,23565,13293,10272,2142,1006,1136
RENALA KHURD,OKARA,TEHSIL,Functional limitation,63794,34837,28957,54487,29995,24492,9307,4842,4465
RENALA KHURD,OKARA,TEHSIL,Seeing,10979,6080,4899,9243,5122,4121,1736,958,778
RENALA KHURD,OKARA,TEHSIL,Hearing,13009,7096,5913,10979,5975,5004,2030,1121,909
RENALA KHURD,OKARA,TEHSIL,Walking/ Climbing,18269,9938,8331,15464,8357,7107,2805,1581,1224
RENALA KHURD,OKARA,TEHSIL,Communication,7967,4470,3497,6589,3916,2673,1378,554,824
RENALA KHURD,OKARA,TEHSIL,Memorization/ Focus,10005,5545,4460,8557,4778,3779,1448,767,681
RENALA KHURD,OKARA,TEHSIL,Self care etc,8143,4451,3692,7215,3949,3266,928,502,426
PAKPATTAN,PAKPATTAN,DISTRICT,Population,2135511,1085160,1050351,1662991,845620,817371,472520,239540,232980
PAKPATTAN,PAKPATTAN,DISTRICT,Disability,67500,38042,29458,51068,28790,22278,16432,9252,7180
PAKPATTAN,PAKPATTAN,DISTRICT,Functional limitation,235050,128902,106148,181929,99852,82077,53121,29050,24071
PAKPATTAN,PAKPATTAN,DISTRICT,Seeing,45432,24784,20648,35726,19557,16169,9706,5227,4479
PAKPATTAN,PAKPATTAN,DISTRICT,Hearing,49432,27231,22201,38395,21253,17142,11037,5978,5059
PAKPATTAN,PAKPATTAN,DISTRICT,Walking/ Climbing,76092,42113,33979,59031,32803,26228,17061,9310,7751
PAKPATTAN,PAKPATTAN,DISTRICT,Communication,25843,14536,11307,19942,11194,8748,5901,3342,2559
PAKPATTAN,PAKPATTAN,DISTRICT,Memorization/ Focus,35769,19774,15995,27804,15377,12427,7965,4397,3568
PAKPATTAN,PAKPATTAN,DISTRICT,Self care etc,25607,13959,11648,19846,10843,9003,5761,3116,2645
ARIF WALA,PAKPATTAN,TEHSIL,Population,999278,506872,492406,789720,399637,390083,209558,107235,102323
ARIF WALA,PAKPATTAN,TEHSIL,Disability,36176,20333,15843,26917,15195,11722,9259,5138,4121
ARIF WALA,PAKPATTAN,TEHSIL,Functional limitation,116515,63742,52773,91142,49893,41249,25373,13849,11524
ARIF WALA,PAKPATTAN,TEHSIL,Seeing,21357,11684,9673,17115,9403,7712,4242,2281,1961
ARIF WALA,PAKPATTAN,TEHSIL,Hearing,24153,13302,10851,19009,10514,8495,5144,2788,2356
ARIF WALA,PAKPATTAN,TEHSIL,Walking/ Climbing,36698,20254,16444,28765,15983,12782,7933,4271,3662
ARIF WALA,PAKPATTAN,TEHSIL,Communication,13648,7657,5991,10522,5905,4617,3126,1752,1374
ARIF WALA,PAKPATTAN,TEHSIL,Memorization/ Focus,18248,10072,8176,14279,7895,6384,3969,2177,1792
ARIF WALA,PAKPATTAN,TEHSIL,Self care etc,13345,7301,6044,10557,5738,4819,2788,1563,1225
PAKPATTAN,PAKPATTAN,TEHSIL,Population,1136233,578288,557945,873271,445983,427288,262962,132305,130657
PAKPATTAN,PAKPATTAN,TEHSIL,Disability,31324,17709,13615,24151,13595,10556,7173,4114,3059
PAKPATTAN,PAKPATTAN,TEHSIL,Functional limitation,118535,65160,53375,90787,49959,40828,27748,15201,12547
PAKPATTAN,PAKPATTAN,TEHSIL,Seeing,24075,13100,10975,18611,10154,8457,5464,2946,2518
PAKPATTAN,PAKPATTAN,TEHSIL,Hearing,25279,13929,11350,19386,10739,8647,5893,3190,2703
PAKPATTAN,PAKPATTAN,TEHSIL,Walking/ Climbing,39394,21859,17535,30266,16820,13446,9128,5039,4089
PAKPATTAN,PAKPATTAN,TEHSIL,Communication,12195,6879,5316,9420,5289,4131,2775,1590,1185
PAKPATTAN,PAKPATTAN,TEHSIL,Memorization/ Focus,17521,9702,7819,13525,7482,6043,3996,2220,1776
PAKPATTAN,PAKPATTAN,TEHSIL,Self care etc,12262,6658,5604,9289,5105,4184,2973,1553,1420
RAHIM YAR KHAN,RAHIM YAR KHAN,DISTRICT,Population,5561720,2895941,2665779,4221634,2202573,2019061,1340086,693368,646718
RAHIM YAR KHAN,RAHIM YAR KHAN,DISTRICT,Disability,210132,111105,99027,161238,85162,76076,48894,25943,22951
RAHIM YAR KHAN,RAHIM YAR KHAN,DISTRICT,Functional limitation,655839,338332,317507,493453,254648,238805,162386,83684,78702
RAHIM YAR KHAN,RAHIM YAR KHAN,DISTRICT,Seeing,117603,60789,56814,88787,45899,42888,28816,14890,13926
RAHIM YAR KHAN,RAHIM YAR KHAN,DISTRICT,Hearing,133289,68757,64532,100746,52233,48513,32543,16524,16019
RAHIM YAR KHAN,RAHIM YAR KHAN,DISTRICT,Walking/ Climbing,207079,108491,98588,155158,81426,73732,51921,27065,24856
RAHIM YAR KHAN,RAHIM YAR KHAN,DISTRICT,Communication,69838,37404,32434,52545,28219,24326,17293,9185,8108
RAHIM YAR KHAN,RAHIM YAR KHAN,DISTRICT,Memorization/ Focus,96385,50639,45746,72154,37801,34353,24231,12838,11393
RAHIM YAR KHAN,RAHIM YAR KHAN,DISTRICT,Self care etc,76223,38625,37598,57247,28774,28473,18976,9851,9125
KHANPUR,RAHIM YAR KHAN,TEHSIL,Population,1168885,609307,559578,844878,440407,404471,324007,168900,155107
KHANPUR,RAHIM YAR KHAN,TEHSIL,Disability,62318,33198,29120,46526,24861,21665,15792,8337,7455
KHANPUR,RAHIM YAR KHAN,TEHSIL,Functional limitation,158067,81658,76409,114902,59420,55482,43165,22238,20927
KHANPUR,RAHIM YAR KHAN,TEHSIL,Seeing,27315,14006,13309,19959,10222,9737,7356,3784,3572
KHANPUR,RAHIM YAR KHAN,TEHSIL,Hearing,32129,16371,15758,23912,12391,11521,8217,3980,4237
KHANPUR,RAHIM YAR KHAN,TEHSIL,Walking/ Climbing,44749,23310,21439,32096,16756,15340,12653,6554,6099
KHANPUR,RAHIM YAR KHAN,TEHSIL,Communication,19268,10478,8790,14235,7861,6374,5033,2617,2416
KHANPUR,RAHIM YAR KHAN,TEHSIL,Memorization/ Focus,24472,13131,11341,17826,9442,8384,6646,3689,2957
KHANPUR,RAHIM YAR KHAN,TEHSIL,Self care etc,20165,10257,9908,14584,7229,7355,5581,3028,2553
LIAQUAT PUR,RAHIM YAR KHAN,TEHSIL,Population,1234974,643464,591510,1132382,590235,542147,102592,53229,49363
LIAQUAT PUR,RAHIM YAR KHAN,TEHSIL,Disability,44576,22549,22027,41756,21112,20644,2820,1437,1383
LIAQUAT PUR,RAHIM YAR KHAN,TEHSIL,Functional limitation,141264,71681,69583,130115,65976,64139,11149,5705,5444
LIAQUAT PUR,RAHIM YAR KHAN,TEHSIL,Seeing,25056,12912,12144,22976,11824,11152,2080,1088,992
LIAQUAT PUR,RAHIM YAR KHAN,TEHSIL,Hearing,28305,14556,13749,25948,13341,12607,2357,1215,1142
LIAQUAT PUR,RAHIM YAR KHAN,TEHSIL,Walking/ Climbing,46055,24033,22022,42366,22091,20275,3689,1942,1747
LIAQUAT PUR,RAHIM YAR KHAN,TEHSIL,Communication,14790,7515,7275,13664,6907,6757,1126,608,518
LIAQUAT PUR,RAHIM YAR KHAN,TEHSIL,Memorization/ Focus,20962,10564,10398,19147,9685,9462,1815,879,936
LIAQUAT PUR,RAHIM YAR KHAN,TEHSIL,Self care etc,16221,8035,8186,15017,7419,7598,1204,616,588
RAHIM YAR KHAN,RAHIM YAR KHAN,TEHSIL,Population,1776665,924121,852544,1186749,618655,568094,589916,305466,284450
RAHIM YAR KHAN,RAHIM YAR KHAN,TEHSIL,Disability,62876,33584,29292,43107,23016,20091,19769,10568,9201
RAHIM YAR KHAN,RAHIM YAR KHAN,TEHSIL,Functional limitation,206194,106781,99413,136392,70683,65709,69802,36098,33704
RAHIM YAR KHAN,RAHIM YAR KHAN,TEHSIL,Seeing,38095,19730,18365,25660,13280,12380,12435,6450,5985
RAHIM YAR KHAN,RAHIM YAR KHAN,TEHSIL,Hearing,41843,21642,20201,27691,14337,13354,14152,7305,6847
RAHIM YAR KHAN,RAHIM YAR KHAN,TEHSIL,Walking/ Climbing,66740,35007,31733,43914,23061,20853,22826,11946,10880
RAHIM YAR KHAN,RAHIM YAR KHAN,TEHSIL,Communication,20499,11085,9414,13323,7254,6069,7176,3831,3345
RAHIM YAR KHAN,RAHIM YAR KHAN,TEHSIL,Memorization/ Focus,29163,15384,13779,19008,10068,8940,10155,5316,4839
RAHIM YAR KHAN,RAHIM YAR KHAN,TEHSIL,Self care etc,23081,11772,11309,15134,7696,7438,7947,4076,3871
SADIQABAD,RAHIM YAR KHAN,TEHSIL,Population,1381196,719049,662147,1057625,553276,504349,323571,165773,157798
SADIQABAD,RAHIM YAR KHAN,TEHSIL,Disability,40362,21774,18588,29849,16173,13676,10513,5601,4912
SADIQABAD,RAHIM YAR KHAN,TEHSIL,Functional limitation,150314,78212,72102,112044,58569,53475,38270,19643,18627
SADIQABAD,RAHIM YAR KHAN,TEHSIL,Seeing,27137,14141,12996,20192,10573,9619,6945,3568,3377
SADIQABAD,RAHIM YAR KHAN,TEHSIL,Hearing,31012,16188,14824,23195,12164,11031,7817,4024,3793
SADIQABAD,RAHIM YAR KHAN,TEHSIL,Walking/ Climbing,49535,26141,23394,36782,19518,17264,12753,6623,6130
SADIQABAD,RAHIM YAR KHAN,TEHSIL,Communication,15281,8326,6955,11323,6197,5126,3958,2129,1829
SADIQABAD,RAHIM YAR KHAN,TEHSIL,Memorization/ Focus,21788,11560,10228,16173,8606,7567,5615,2954,2661
SADIQABAD,RAHIM YAR KHAN,TEHSIL,Self care etc,16756,8561,8195,12512,6430,6082,4244,2131,2113
RAJANPUR,RAJANPUR,DISTRICT,Population,2323980,1181907,1142073,1694281,865385,828896,629699,316522,313177
RAJANPUR,RAJANPUR,DISTRICT,Disability,83988,42348,41640,63973,32323,31650,20015,10025,9990
RAJANPUR,RAJANPUR,DISTRICT,Functional limitation,188715,89330,99385,137350,65330,72020,51365,24000,27365
RAJANPUR,RAJANPUR,DISTRICT,Seeing,33867,16257,17610,24613,11818,12795,9254,4439,4815
RAJANPUR,RAJANPUR,DISTRICT,Hearing,35486,16695,18791,25498,12038,13460,9988,4657,5331
RAJANPUR,RAJANPUR,DISTRICT,Walking/ Climbing,63606,31220,32386,45508,22395,23113,18098,8825,9273
RAJANPUR,RAJANPUR,DISTRICT,Communication,22278,11291,10987,16261,8232,8029,6017,3059,2958
RAJANPUR,RAJANPUR,DISTRICT,Memorization/ Focus,28487,13810,14677,20431,9902,10529,8056,3908,4148
RAJANPUR,RAJANPUR,DISTRICT,Self care etc,22074,10156,11918,16215,7561,8654,5859,2595,3264
RAJANPUR,RAJANPUR,DE-EXCLUDED_AREA,Population,41741,22156,19585,41741,22156,19585,,,
RAJANPUR,RAJANPUR,DE-EXCLUDED_AREA,Disability,6565,3454,3111,6565,3454,3111,,,
RAJANPUR,RAJANPUR,DE-EXCLUDED_AREA,Functional limitation,8016,4165,3851,8016,4165,3851,,,
RAJANPUR,RAJANPUR,DE-EXCLUDED_AREA,Seeing,2175,1106,1069,2175,1106,1069,,,
RAJANPUR,RAJANPUR,DE-EXCLUDED_AREA,Hearing,1575,803,772,1575,803,772,,,
RAJANPUR,RAJANPUR,DE-EXCLUDED_AREA,Walking/ Climbing,1364,700,664,1364,700,664,,,
RAJANPUR,RAJANPUR,DE-EXCLUDED_AREA,Communication,595,340,255,595,340,255,,,
RAJANPUR,RAJANPUR,DE-EXCLUDED_AREA,Memorization/ Focus,1053,622,431,1053,622,431,,,
RAJANPUR,RAJANPUR,DE-EXCLUDED_AREA,Self care etc,1309,626,683,1309,626,683,,,
JAMPUR,RAJANPUR,TEHSIL,Population,1011499,509587,501912,706867,356483,350384,304632,153104,151528
JAMPUR,RAJANPUR,TEHSIL,Disability,32349,16239,16110,22736,11390,11346,9613,4849,4764
JAMPUR,RAJANPUR,TEHSIL,Functional limitation,78373,36569,41804,53895,25116,28779,24478,11453,13025
JAMPUR,RAJANPUR,TEHSIL,Seeing,13950,6565,7385,9485,4433,5052,4465,2132,2333
JAMPUR,RAJANPUR,TEHSIL,Hearing,14635,6738,7897,9917,4569,5348,4718,2169,2549
JAMPUR,RAJANPUR,TEHSIL,Walking/ Climbing,28044,13603,14441,19338,9349,9989,8706,4254,4452
JAMPUR,RAJANPUR,TEHSIL,Communication,8784,4451,4333,5965,3034,2931,2819,1417,1402
JAMPUR,RAJANPUR,TEHSIL,Memorization/ Focus,11719,5616,6103,7882,3765,4117,3837,1851,1986
JAMPUR,RAJANPUR,TEHSIL,Self care etc,8837,4005,4832,6112,2775,3337,2725,1230,1495
RAJANPUR,RAJANPUR,TEHSIL,Population,851729,430052,421677,542533,274646,267887,309196,155406,153790
RAJANPUR,RAJANPUR,TEHSIL,Disability,27756,14119,13637,17985,9220,8765,9771,4899,4872
RAJANPUR,RAJANPUR,TEHSIL,Functional limitation,68223,32245,35978,42795,20351,22444,25428,11894,13534
RAJANPUR,RAJANPUR,TEHSIL,Seeing,11961,5741,6220,7389,3537,3852,4572,2204,2368
RAJANPUR,RAJANPUR,TEHSIL,Hearing,13012,6149,6863,7966,3760,4206,5046,2389,2657
RAJANPUR,RAJANPUR,TEHSIL,Walking/ Climbing,24079,11821,12258,15126,7464,7662,8953,4357,4596
RAJANPUR,RAJANPUR,TEHSIL,Communication,7795,4005,3790,4775,2480,2295,3020,1525,1495
RAJANPUR,RAJANPUR,TEHSIL,Memorization/ Focus,10171,4993,5178,6165,3024,3141,4006,1969,2037
RAJANPUR,RAJANPUR,TEHSIL,Self care etc,7742,3516,4226,4851,2213,2638,2891,1303,1588
ROJHAN,RAJANPUR,TEHSIL,Population,419011,220112,198899,403140,212100,191040,15871,8012,7859
ROJHAN,RAJANPUR,TEHSIL,Disability,17318,8536,8782,16687,8259,8428,631,277,354
ROJHAN,RAJANPUR,TEHSIL,Functional limitation,34103,16351,17752,32644,15698,16946,1459,653,806
ROJHAN,RAJANPUR,TEHSIL,Seeing,5781,2845,2936,5564,2742,2822,217,103,114
ROJHAN,RAJANPUR,TEHSIL,Hearing,6264,3005,3259,6040,2906,3134,224,99,125
ROJHAN,RAJANPUR,TEHSIL,Walking/ Climbing,10119,5096,5023,9680,4882,4798,439,214,225
ROJHAN,RAJANPUR,TEHSIL,Communication,5104,2495,2609,4926,2378,2548,178,117,61
ROJHAN,RAJANPUR,TEHSIL,Memorization/ Focus,5544,2579,2965,5331,2491,2840,213,88,125
ROJHAN,RAJANPUR,TEHSIL,Self care etc,4186,2009,2177,3943,1947,1996,243,62,181
RAWALPINDI,RAWALPINDI,DISTRICT,Population,6058540,3082174,2976366,1907111,940477,966634,4151429,2141697,2009732
RAWALPINDI,RAWALPINDI,DISTRICT,Disability,267966,143314,124652,104772,53786,50986,163194,89528,73666
RAWALPINDI,RAWALPINDI,DISTRICT,Functional limitation,650571,336451,314120,235585,116298,119287,414986,220153,194833
RAWALPINDI,RAWALPINDI,DISTRICT,Seeing,119402,61892,57510,45857,22904,22953,73545,38988,34557
RAWALPINDI,RAWALPINDI,DISTRICT,Hearing,126763,65279,61484,47093,23326,23767,79670,41953,37717
RAWALPINDI,RAWALPINDI,DISTRICT,Walking/ Climbing,220739,115305,105434,77330,38823,38507,143409,76482,66927
RAWALPINDI,RAWALPINDI,DISTRICT,Communication,78289,41868,36421,31107,16064,15043,47182,25804,21378
RAWALPINDI,RAWALPINDI,DISTRICT,Memorization/ Focus,102401,53613,48788,39874,19911,19963,62527,33702,28825
RAWALPINDI,RAWALPINDI,DISTRICT,Self care etc,75631,38739,36892,26357,12450,13907,49274,26289,22985
GUJAR KHAN,RAWALPINDI,TEHSIL,Population,781578,383042,398536,651057,318309,332748,130521,64733,65788
GUJAR KHAN,RAWALPINDI,TEHSIL,Disability,32900,16944,15956,27110,13884,13226,5790,3060,2730
GUJAR KHAN,RAWALPINDI,TEHSIL,Functional limitation,86794,42412,44382,72975,35459,37516,13819,6953,6866
GUJAR KHAN,RAWALPINDI,TEHSIL,Seeing,15813,7850,7963,13405,6616,6789,2408,1234,1174
GUJAR KHAN,RAWALPINDI,TEHSIL,Hearing,16990,8222,8768,14474,6968,7506,2516,1254,1262
GUJAR KHAN,RAWALPINDI,TEHSIL,Walking/ Climbing,30840,15406,15434,26033,12950,13083,4807,2456,2351
GUJAR KHAN,RAWALPINDI,TEHSIL,Communication,10366,5240,5126,8799,4431,4368,1567,809,758
GUJAR KHAN,RAWALPINDI,TEHSIL,Memorization/ Focus,13624,6768,6856,11530,5709,5821,2094,1059,1035
GUJAR KHAN,RAWALPINDI,TEHSIL,Self care etc,9545,4568,4977,7947,3772,4175,1598,796,802
KAHUTA,RAWALPINDI,TEHSIL,Population,237843,114961,122882,162494,77885,84609,75349,37076,38273
KAHUTA,RAWALPINDI,TEHSIL,Disability,30442,15945,14497,25615,13367,12248,4827,2578,2249
KAHUTA,RAWALPINDI,TEHSIL,Functional limitation,47863,24072,23791,37845,18973,18872,10018,5099,4919
KAHUTA,RAWALPINDI,TEHSIL,Seeing,10805,5445,5360,9315,4713,4602,1490,732,758
KAHUTA,RAWALPINDI,TEHSIL,Hearing,11953,5823,6130,9200,4716,4484,2753,1107,1646
KAHUTA,RAWALPINDI,TEHSIL,Walking/ Climbing,11255,5778,5477,8462,4332,4130,2793,1446,1347
KAHUTA,RAWALPINDI,TEHSIL,Communication,6954,3582,3372,5510,2812,2698,1444,770,674
KAHUTA,RAWALPINDI,TEHSIL,Memorization/ Focus,7649,3749,3900,6140,2843,3297,1509,906,603
KAHUTA,RAWALPINDI,TEHSIL,Self care etc,5616,3039,2577,4120,2070,2050,1496,969,527
KALLAR SAYADDAN,RAWALPINDI,TEHSIL,Population,242709,116450,126259,181768,87158,94610,60941,29292,31649
KALLAR SAYADDAN,RAWALPINDI,TEHSIL,Disability,12615,5659,6956,9923,4300,5623,2692,1359,1333
KALLAR SAYADDAN,RAWALPINDI,TEHSIL,Functional limitation,31263,14264,16999,24094,10788,13306,7169,3476,3693
KALLAR SAYADDAN,RAWALPINDI,TEHSIL,Seeing,6313,3031,3282,4772,2263,2509,1541,768,773
KALLAR SAYADDAN,RAWALPINDI,TEHSIL,Hearing,6092,2890,3202,4677,2202,2475,1415,688,727
KALLAR SAYADDAN,RAWALPINDI,TEHSIL,Walking/ Climbing,11018,5317,5701,8460,4069,4391,2558,1248,1310
KALLAR SAYADDAN,RAWALPINDI,TEHSIL,Communication,4788,1875,2913,3950,1430,2520,838,445,393
KALLAR SAYADDAN,RAWALPINDI,TEHSIL,Memorization/ Focus,5194,2409,2785,4086,1861,2225,1108,548,560
KALLAR SAYADDAN,RAWALPINDI,TEHSIL,Self care etc,2957,1367,1590,2246,1034,1212,711,333,378
KOTLI SATTIAN,RAWALPINDI,TEHSIL,Population,120421,60975,59446,96878,49169,47709,23543,11806,11737
KOTLI SATTIAN,RAWALPINDI,TEHSIL,Disability,4946,2653,2293,3881,2094,1787,1065,559,506
KOTLI SATTIAN,RAWALPINDI,TEHSIL,Functional limitation,12931,6555,6376,10247,5218,5029,2684,1337,1347
KOTLI SATTIAN,RAWALPINDI,TEHSIL,Seeing,2933,1471,1462,2310,1174,1136,623,297,326
KOTLI SATTIAN,RAWALPINDI,TEHSIL,Hearing,2815,1385,1430,2265,1120,1145,550,265,285
KOTLI SATTIAN,RAWALPINDI,TEHSIL,Walking/ Climbing,4992,2586,2406,3944,2053,1891,1048,533,515
KOTLI SATTIAN,RAWALPINDI,TEHSIL,Communication,1708,932,776,1396,759,637,312,173,139
KOTLI SATTIAN,RAWALPINDI,TEHSIL,Memorization/ Focus,2389,1233,1156,1928,998,930,461,235,226
KOTLI SATTIAN,RAWALPINDI,TEHSIL,Self care etc,1240,605,635,994,487,507,246,118,128
MURREE,RAWALPINDI,TEHSIL,Population,249410,125101,124309,227340,113392,113948,22070,11709,10361
MURREE,RAWALPINDI,TEHSIL,Disability,17631,8964,8667,16850,8673,8177,781,291,490
MURREE,RAWALPINDI,TEHSIL,Functional limitation,33751,16994,16757,31940,16128,15812,1811,866,945
MURREE,RAWALPINDI,TEHSIL,Seeing,5644,2853,2791,5322,2674,2648,322,179,143
MURREE,RAWALPINDI,TEHSIL,Hearing,5330,2702,2628,5002,2520,2482,328,182,146
MURREE,RAWALPINDI,TEHSIL,Walking/ Climbing,10404,5053,5351,9800,4705,5095,604,348,256
MURREE,RAWALPINDI,TEHSIL,Communication,5230,3253,1977,4863,3137,1726,367,116,251
MURREE,RAWALPINDI,TEHSIL,Memorization/ Focus,7571,3990,3581,7187,3835,3352,384,155,229
MURREE,RAWALPINDI,TEHSIL,Self care etc,4680,1888,2792,4543,1813,2730,137,75,62
RAWALPINDI,RAWALPINDI,TEHSIL,Population,3689775,1908299,1781476,386054,192112,193942,3303721,1716187,1587534
RAWALPINDI,RAWALPINDI,TEHSIL,Disability,138176,76073,62103,13787,7266,6521,124389,68807,55582
RAWALPINDI,RAWALPINDI,TEHSIL,Functional limitation,360085,191145,168940,38807,19349,19458,321278,171796,149482
RAWALPINDI,RAWALPINDI,TEHSIL,Seeing,64210,34028,30182,7215,3593,3622,56995,30435,26560
RAWALPINDI,RAWALPINDI,TEHSIL,Hearing,68737,36448,32289,7605,3764,3841,61132,32684,28448
RAWALPINDI,RAWALPINDI,TEHSIL,Walking/ Climbing,125371,66971,58400,13693,6992,6701,111678,59979,51699
RAWALPINDI,RAWALPINDI,TEHSIL,Communication,40480,22193,18287,4334,2234,2100,36146,19959,16187
RAWALPINDI,RAWALPINDI,TEHSIL,Memorization/ Focus,54291,29248,25043,5928,3012,2916,48363,26236,22127
RAWALPINDI,RAWALPINDI,TEHSIL,Self care etc,42247,22354,19893,4199,2061,2138,38048,20293,17755
TAXILA,RAWALPINDI,TEHSIL,Population,736804,373346,363458,201520,102452,99068,535284,270894,264390
TAXILA,RAWALPINDI,TEHSIL,Disability,31256,17076,14180,7606,4202,3404,23650,12874,10776
TAXILA,RAWALPINDI,TEHSIL,Functional limitation,77884,41009,36875,19677,10383,9294,58207,30626,27581
TAXILA,RAWALPINDI,TEHSIL,Seeing,13684,7214,6470,3518,1871,1647,10166,5343,4823
TAXILA,RAWALPINDI,TEHSIL,Hearing,14846,7809,7037,3870,2036,1834,10976,5773,5203
TAXILA,RAWALPINDI,TEHSIL,Walking/ Climbing,26859,14194,12665,6938,3722,3216,19921,10472,9449
TAXILA,RAWALPINDI,TEHSIL,Communication,8763,4793,3970,2255,1261,994,6508,3532,2976
TAXILA,RAWALPINDI,TEHSIL,Memorization/ Focus,11683,6216,5467,3075,1653,1422,8608,4563,4045
TAXILA,RAWALPINDI,TEHSIL,Self care etc,9346,4918,4428,2308,1213,1095,7038,3705,3333
SAHIWAL,SAHIWAL,DISTRICT,Population,2878122,1459134,1418988,2124128,1077147,1046981,753994,381987,372007
SAHIWAL,SAHIWAL,DISTRICT,Disability,112197,63894,48303,75851,42937,32914,36346,20957,15389
SAHIWAL,SAHIWAL,DISTRICT,Functional limitation,376867,200573,176294,270904,143525,127379,105963,57048,48915
SAHIWAL,SAHIWAL,DISTRICT,Seeing,68930,36378,32552,50659,26609,24050,18271,9769,8502
SAHIWAL,SAHIWAL,DISTRICT,Hearing,77300,40882,36418,55795,29418,26377,21505,11464,10041
SAHIWAL,SAHIWAL,DISTRICT,Walking/ Climbing,119297,64319,54978,87316,46944,40372,31981,17375,14606
SAHIWAL,SAHIWAL,DISTRICT,Communication,38708,21392,17316,27131,14959,12172,11577,6433,5144
SAHIWAL,SAHIWAL,DISTRICT,Memorization/ Focus,55247,29562,25685,39470,21022,18448,15777,8540,7237
SAHIWAL,SAHIWAL,DISTRICT,Self care etc,43079,22975,20104,30103,15933,14170,12976,7042,5934
CHICHAWATNI,SAHIWAL,TEHSIL,Population,1155978,582624,573354,1043787,525824,517963,112191,56800,55391
CHICHAWATNI,SAHIWAL,TEHSIL,Disability,43055,23997,19058,39845,22243,17602,3210,1754,1456
CHICHAWATNI,SAHIWAL,TEHSIL,Functional limitation,151696,79612,72084,137777,72332,65445,13919,7280,6639
CHICHAWATNI,SAHIWAL,TEHSIL,Seeing,27736,14440,13296,25120,13058,12062,2616,1382,1234
CHICHAWATNI,SAHIWAL,TEHSIL,Hearing,30935,16101,14834,28013,14564,13449,2922,1537,1385
CHICHAWATNI,SAHIWAL,TEHSIL,Walking/ Climbing,48467,25946,22521,44160,23608,20552,4307,2338,1969
CHICHAWATNI,SAHIWAL,TEHSIL,Communication,16248,8766,7482,14769,8071,6698,1479,695,784
CHICHAWATNI,SAHIWAL,TEHSIL,Memorization/ Focus,22774,11999,10775,20804,10948,9856,1970,1051,919
CHICHAWATNI,SAHIWAL,TEHSIL,Self care etc,17227,9011,8216,15724,8220,7504,1503,791,712
SAHIWAL,SAHIWAL,TEHSIL,Population,1722144,876510,845634,1080341,551323,529018,641803,325187,316616
SAHIWAL,SAHIWAL,TEHSIL,Disability,69142,39897,29245,36006,20694,15312,33136,19203,13933
SAHIWAL,SAHIWAL,TEHSIL,Functional limitation,225171,120961,104210,133127,71193,61934,92044,49768,42276
SAHIWAL,SAHIWAL,TEHSIL,Seeing,41194,21938,19256,25539,13551,11988,15655,8387,7268
SAHIWAL,SAHIWAL,TEHSIL,Hearing,46365,24781,21584,27782,14854,12928,18583,9927,8656
SAHIWAL,SAHIWAL,TEHSIL,Walking/ Climbing,70830,38373,32457,43156,23336,19820,27674,15037,12637
SAHIWAL,SAHIWAL,TEHSIL,Communication,22460,12626,9834,12362,6888,5474,10098,5738,4360
SAHIWAL,SAHIWAL,TEHSIL,Memorization/ Focus,32473,17563,14910,18666,10074,8592,13807,7489,6318
SAHIWAL,SAHIWAL,TEHSIL,Self care etc,25852,13964,11888,14379,7713,6666,11473,6251,5222
SARGODHA,SARGODHA,DISTRICT,Population,4327263,2191088,2136175,2722559,1378150,1344409,1604704,812938,791766
SARGODHA,SARGODHA,DISTRICT,Disability,202525,113268,89257,129996,72195,57801,72529,41073,31456
SARGODHA,SARGODHA,DISTRICT,Functional limitation,587574,320729,266845,372495,202754,169741,215079,117975,97104
SARGODHA,SARGODHA,DISTRICT,Seeing,107899,58630,49269,69493,37716,31777,38406,20914,17492
SARGODHA,SARGODHA,DISTRICT,Hearing,118077,64235,53842,75307,40937,34370,42770,23298,19472
SARGODHA,SARGODHA,DISTRICT,Walking/ Climbing,190028,104570,85458,120775,66412,54363,69253,38158,31095
SARGODHA,SARGODHA,DISTRICT,Communication,64940,36297,28643,41865,23473,18392,23075,12824,10251
SARGODHA,SARGODHA,DISTRICT,Memorization/ Focus,88473,48936,39537,56440,30975,25465,32033,17961,14072
SARGODHA,SARGODHA,DISTRICT,Self care etc,67518,36622,30896,42006,22555,19451,25512,14067,11445
BHALWAL,SARGODHA,TEHSIL,Population,387194,191904,195290,243520,120666,122854,143674,71238,72436
BHALWAL,SARGODHA,TEHSIL,Disability,22071,11528,10543,14367,7471,6896,7704,4057,3647
BHALWAL,SARGODHA,TEHSIL,Functional limitation,58306,30700,27606,37540,19759,17781,20766,10941,9825
BHALWAL,SARGODHA,TEHSIL,Seeing,11417,5913,5504,7740,3941,3799,3677,1972,1705
BHALWAL,SARGODHA,TEHSIL,Hearing,12117,6385,5732,7790,4217,3573,4327,2168,2159
BHALWAL,SARGODHA,TEHSIL,Walking/ Climbing,20092,11156,8936,13431,7440,5991,6661,3716,2945
BHALWAL,SARGODHA,TEHSIL,Communication,6412,3213,3199,4160,2079,2081,2252,1134,1118
BHALWAL,SARGODHA,TEHSIL,Memorization/ Focus,9155,4690,4465,5766,2887,2879,3389,1803,1586
BHALWAL,SARGODHA,TEHSIL,Self care etc,6114,3310,2804,3581,1921,1660,2533,1389,1144
BHERA,SARGODHA,TEHSIL,Population,384395,193708,190687,272701,137517,135184,111694,56191,55503
BHERA,SARGODHA,TEHSIL,Disability,15346,8672,6674,10415,5897,4518,4931,2775,2156
BHERA,SARGODHA,TEHSIL,Functional limitation,50756,27686,23070,35654,19470,16184,15102,8216,6886
BHERA,SARGODHA,TEHSIL,Seeing,9731,5257,4474,6581,3560,3021,3150,1697,1453
BHERA,SARGODHA,TEHSIL,Hearing,10318,5608,4710,7313,3989,3324,3005,1619,1386
BHERA,SARGODHA,TEHSIL,Walking/ Climbing,16720,9137,7583,11881,6526,5355,4839,2611,2228
BHERA,SARGODHA,TEHSIL,Communication,5509,3141,2368,3875,2195,1680,1634,946,688
BHERA,SARGODHA,TEHSIL,Memorization/ Focus,7975,4538,3437,5488,3066,2422,2487,1472,1015
BHERA,SARGODHA,TEHSIL,Self care etc,5843,3063,2780,4008,2150,1858,1835,913,922
KOT MOMIN,SARGODHA,TEHSIL,Population,544165,278393,265772,480754,246073,234681,63411,32320,31091
KOT MOMIN,SARGODHA,TEHSIL,Disability,22393,12741,9652,20456,11628,8828,1937,1113,824
KOT MOMIN,SARGODHA,TEHSIL,Functional limitation,69840,38635,31205,62179,34420,27759,7661,4215,3446
KOT MOMIN,SARGODHA,TEHSIL,Seeing,12911,7085,5826,11235,6172,5063,1676,913,763
KOT MOMIN,SARGODHA,TEHSIL,Hearing,13769,7579,6190,12262,6761,5501,1507,818,689
KOT MOMIN,SARGODHA,TEHSIL,Walking/ Climbing,23424,13018,10406,20934,11631,9303,2490,1387,1103
KOT MOMIN,SARGODHA,TEHSIL,Communication,7291,4138,3153,6557,3720,2837,734,418,316
KOT MOMIN,SARGODHA,TEHSIL,Memorization/ Focus,10153,5646,4507,9102,5058,4044,1051,588,463
KOT MOMIN,SARGODHA,TEHSIL,Self care etc,7867,4365,3502,7048,3916,3132,819,449,370
SAHIWAL,SARGODHA,TEHSIL,Population,407486,205892,201594,313408,158395,155013,94078,47497,46581
SAHIWAL,SARGODHA,TEHSIL,Disability,18462,10384,8078,15135,8506,6629,3327,1878,1449
SAHIWAL,SARGODHA,TEHSIL,Functional limitation,54375,29592,24783,42893,23359,19534,11482,6233,5249
SAHIWAL,SARGODHA,TEHSIL,Seeing,9630,5216,4414,7641,4133,3508,1989,1083,906
SAHIWAL,SARGODHA,TEHSIL,Hearing,10817,5777,5040,8508,4557,3951,2309,1220,1089
SAHIWAL,SARGODHA,TEHSIL,Walking/ Climbing,18097,9849,8248,14416,7838,6578,3681,2011,1670
SAHIWAL,SARGODHA,TEHSIL,Communication,5746,3200,2546,4626,2591,2035,1120,609,511
SAHIWAL,SARGODHA,TEHSIL,Memorization/ Focus,8194,4634,3560,6454,3627,2827,1740,1007,733
SAHIWAL,SARGODHA,TEHSIL,Self care etc,6561,3549,3012,5147,2819,2328,1414,730,684
SARGODHA,SARGODHA,TEHSIL,Population,1793400,911017,882383,742693,377532,365161,1050707,533485,517222
SARGODHA,SARGODHA,TEHSIL,Disability,76738,43677,33061,29432,16779,12653,47306,26898,20408
SARGODHA,SARGODHA,TEHSIL,Functional limitation,233142,128204,104938,93460,51303,42157,139682,76901,62781
SARGODHA,SARGODHA,TEHSIL,Seeing,41652,22830,18822,17229,9475,7754,24423,13355,11068
SARGODHA,SARGODHA,TEHSIL,Hearing,45747,25054,20693,18408,10054,8354,27339,15000,12339
SARGODHA,SARGODHA,TEHSIL,Walking/ Climbing,76870,42455,34415,31282,17305,13977,45588,25150,20438
SARGODHA,SARGODHA,TEHSIL,Communication,23961,13565,10396,9581,5489,4092,14380,8076,6304
SARGODHA,SARGODHA,TEHSIL,Memorization/ Focus,33869,18864,15005,13488,7520,5968,20381,11344,9037
SARGODHA,SARGODHA,TEHSIL,Self care etc,27164,14909,12255,10578,5764,4814,16586,9145,7441
SHAHPUR,SARGODHA,TEHSIL,Population,424745,216148,208597,332908,168741,164167,91837,47407,44430
SHAHPUR,SARGODHA,TEHSIL,Disability,18430,10612,7818,14198,8132,6066,4232,2480,1752
SHAHPUR,SARGODHA,TEHSIL,Functional limitation,58342,32104,26238,45331,24841,20490,13011,7263,5748
SHAHPUR,SARGODHA,TEHSIL,Seeing,10255,5632,4623,8032,4389,3643,2223,1243,980
SHAHPUR,SARGODHA,TEHSIL,Hearing,11961,6430,5531,9371,5059,4312,2590,1371,1219
SHAHPUR,SARGODHA,TEHSIL,Walking/ Climbing,19232,10409,8823,14844,8027,6817,4388,2382,2006
SHAHPUR,SARGODHA,TEHSIL,Communication,6675,3820,2855,5367,3062,2305,1308,758,550
SHAHPUR,SARGODHA,TEHSIL,Memorization/ Focus,8716,4969,3747,6769,3811,2958,1947,1158,789
SHAHPUR,SARGODHA,TEHSIL,Self care etc,6836,4014,2822,5171,2979,2192,1665,1035,630
SILLANWALI,SARGODHA,TEHSIL,Population,385878,194026,191852,336575,169226,167349,49303,24800,24503
SILLANWALI,SARGODHA,TEHSIL,Disability,29085,15654,13431,25993,13782,12211,3092,1872,1220
SILLANWALI,SARGODHA,TEHSIL,Functional limitation,62813,33808,29005,55438,29602,25836,7375,4206,3169
SILLANWALI,SARGODHA,TEHSIL,Seeing,12303,6697,5606,11035,6046,4989,1268,651,617
SILLANWALI,SARGODHA,TEHSIL,Hearing,13348,7402,5946,11655,6300,5355,1693,1102,591
SILLANWALI,SARGODHA,TEHSIL,Walking/ Climbing,15593,8546,7047,13987,7645,6342,1606,901,705
SILLANWALI,SARGODHA,TEHSIL,Communication,9346,5220,4126,7699,4337,3362,1647,883,764
SILLANWALI,SARGODHA,TEHSIL,Memorization/ Focus,10411,5595,4816,9373,5006,4367,1038,589,449
SILLANWALI,SARGODHA,TEHSIL,Self care etc,7133,3412,3721,6473,3006,3467,660,406,254
SHEIKHUPURA,SHEIKHUPURA,DISTRICT,Population,4049377,2079965,1969412,2498625,1286788,1211837,1550752,793177,757575
SHEIKHUPURA,SHEIKHUPURA,DISTRICT,Disability,107514,57680,49834,68661,37117,31544,38853,20563,18290
SHEIKHUPURA,SHEIKHUPURA,DISTRICT,Functional limitation,329440,163230,166210,203329,101519,101810,126111,61711,64400
SHEIKHUPURA,SHEIKHUPURA,DISTRICT,Seeing,59946,29858,30088,37512,18744,18768,22434,11114,11320
SHEIKHUPURA,SHEIKHUPURA,DISTRICT,Hearing,67261,33173,34088,42222,21001,21221,25039,12172,12867
SHEIKHUPURA,SHEIKHUPURA,DISTRICT,Walking/ Climbing,106419,54131,52288,65304,33449,31855,41115,20682,20433
SHEIKHUPURA,SHEIKHUPURA,DISTRICT,Communication,36573,19145,17428,22762,12141,10621,13811,7004,6807
SHEIKHUPURA,SHEIKHUPURA,DISTRICT,Memorization/ Focus,49745,25383,24362,30901,15977,14924,18844,9406,9438
SHEIKHUPURA,SHEIKHUPURA,DISTRICT,Self care etc,37787,18369,19418,23382,11441,11941,14405,6928,7477
FEROZEWALA,SHEIKHUPURA,TEHSIL,Population,997246,519450,477796,657978,340909,317069,339268,178541,160727
FEROZEWALA,SHEIKHUPURA,TEHSIL,Disability,19369,10688,8681,15132,8282,6850,4237,2406,1831
FEROZEWALA,SHEIKHUPURA,TEHSIL,Functional limitation,68230,34542,33688,47058,23883,23175,21172,10659,10513
FEROZEWALA,SHEIKHUPURA,TEHSIL,Seeing,12058,6093,5965,8172,4126,4046,3886,1967,1919
FEROZEWALA,SHEIKHUPURA,TEHSIL,Hearing,14213,7267,6946,9688,4994,4694,4525,2273,2252
FEROZEWALA,SHEIKHUPURA,TEHSIL,Walking/ Climbing,23014,11985,11029,16069,8418,7651,6945,3567,3378
FEROZEWALA,SHEIKHUPURA,TEHSIL,Communication,6840,3649,3191,4820,2585,2235,2020,1064,956
FEROZEWALA,SHEIKHUPURA,TEHSIL,Memorization/ Focus,10142,5366,4776,7139,3820,3319,3003,1546,1457
FEROZEWALA,SHEIKHUPURA,TEHSIL,Self care etc,7703,3840,3863,5409,2700,2709,2294,1140,1154
MURIDKE,SHEIKHUPURA,TEHSIL,Population,721166,367781,353385,399764,205043,194721,321402,162738,158664
MURIDKE,SHEIKHUPURA,TEHSIL,Disability,17503,8742,8761,9656,4675,4981,7847,4067,3780
MURIDKE,SHEIKHUPURA,TEHSIL,Functional limitation,55446,26596,28850,30011,14318,15693,25435,12278,13157
MURIDKE,SHEIKHUPURA,TEHSIL,Seeing,10266,5062,5204,5551,2763,2788,4715,2299,2416
MURIDKE,SHEIKHUPURA,TEHSIL,Hearing,11097,5399,5698,6076,2994,3082,5021,2405,2616
MURIDKE,SHEIKHUPURA,TEHSIL,Walking/ Climbing,18419,9327,9092,10005,5116,4889,8414,4211,4203
MURIDKE,SHEIKHUPURA,TEHSIL,Communication,6638,3183,3455,3647,1779,1868,2991,1404,1587
MURIDKE,SHEIKHUPURA,TEHSIL,Memorization/ Focus,8729,4078,4651,5070,2269,2801,3659,1809,1850
MURIDKE,SHEIKHUPURA,TEHSIL,Self care etc,6023,2768,3255,3336,1496,1840,2687,1272,1415
SAFDARABAD,SHEIKHUPURA,TEHSIL,Population,320836,161359,159477,231660,116450,115210,89176,44909,44267
SAFDARABAD,SHEIKHUPURA,TEHSIL,Disability,12899,6264,6635,10445,5440,5005,2454,824,1630
SAFDARABAD,SHEIKHUPURA,TEHSIL,Functional limitation,31281,14693,16588,23907,11609,12298,7374,3084,4290
SAFDARABAD,SHEIKHUPURA,TEHSIL,Seeing,4711,2179,2532,3533,1604,1929,1178,575,603
SAFDARABAD,SHEIKHUPURA,TEHSIL,Hearing,6036,2579,3457,4653,1932,2721,1383,647,736
SAFDARABAD,SHEIKHUPURA,TEHSIL,Walking/ Climbing,9684,4693,4991,7432,3635,3797,2252,1058,1194
SAFDARABAD,SHEIKHUPURA,TEHSIL,Communication,4447,2333,2114,3431,1972,1459,1016,361,655
SAFDARABAD,SHEIKHUPURA,TEHSIL,Memorization/ Focus,4707,2418,2289,3388,1940,1448,1319,478,841
SAFDARABAD,SHEIKHUPURA,TEHSIL,Self care etc,3824,1726,2098,2994,1405,1589,830,321,509
SHARAK PUR,SHEIKHUPURA,TEHSIL,Population,229292,115769,113523,181273,92093,89180,48019,23676,24343
SHARAK PUR,SHEIKHUPURA,TEHSIL,Disability,16803,9628,7175,14084,8009,6075,2719,1619,1100
SHARAK PUR,SHEIKHUPURA,TEHSIL,Functional limitation,30344,15935,14409,24250,12724,11526,6094,3211,2883
SHARAK PUR,SHEIKHUPURA,TEHSIL,Seeing,6272,3217,3055,5076,2620,2456,1196,597,599
SHARAK PUR,SHEIKHUPURA,TEHSIL,Hearing,6180,3275,2905,5218,2837,2381,962,438,524
SHARAK PUR,SHEIKHUPURA,TEHSIL,Walking/ Climbing,7097,3627,3470,5680,2900,2780,1417,727,690
SHARAK PUR,SHEIKHUPURA,TEHSIL,Communication,3408,1930,1478,2687,1419,1268,721,511,210
SHARAK PUR,SHEIKHUPURA,TEHSIL,Memorization/ Focus,4997,2701,2296,3721,1986,1735,1276,715,561
SHARAK PUR,SHEIKHUPURA,TEHSIL,Self care etc,4471,2363,2108,3461,1847,1614,1010,516,494
SHEIKHUPURA,SHEIKHUPURA,TEHSIL,Population,1780837,915606,865231,1027950,532293,495657,752887,383313,369574
SHEIKHUPURA,SHEIKHUPURA,TEHSIL,Disability,40940,22358,18582,19344,10711,8633,21596,11647,9949
SHEIKHUPURA,SHEIKHUPURA,TEHSIL,Functional limitation,144139,71464,72675,78103,38985,39118,66036,32479,33557
SHEIKHUPURA,SHEIKHUPURA,TEHSIL,Seeing,26639,13307,13332,15180,7631,7549,11459,5676,5783
SHEIKHUPURA,SHEIKHUPURA,TEHSIL,Hearing,29735,14653,15082,16587,8244,8343,13148,6409,6739
SHEIKHUPURA,SHEIKHUPURA,TEHSIL,Walking/ Climbing,48205,24499,23706,26118,13380,12738,22087,11119,10968
SHEIKHUPURA,SHEIKHUPURA,TEHSIL,Communication,15240,8050,7190,8177,4386,3791,7063,3664,3399
SHEIKHUPURA,SHEIKHUPURA,TEHSIL,Memorization/ Focus,21170,10820,10350,11583,5962,5621,9587,4858,4729
SHEIKHUPURA,SHEIKHUPURA,TEHSIL,Self care etc,15766,7672,8094,8182,3993,4189,7584,3679,3905
SIALKOT,SIALKOT,DISTRICT,Population,4472462,2265871,2206591,3017087,1519544,1497543,1455375,746327,709048
SIALKOT,SIALKOT,DISTRICT,Disability,128725,71958,56767,93546,51576,41970,35179,20382,14797
SIALKOT,SIALKOT,DISTRICT,Functional limitation,360549,198467,162082,247923,135415,112508,112626,63052,49574
SIALKOT,SIALKOT,DISTRICT,Seeing,66039,36813,29226,45983,25521,20462,20056,11292,8764
SIALKOT,SIALKOT,DISTRICT,Hearing,71364,39356,32008,49218,26896,22322,22146,12460,9686
SIALKOT,SIALKOT,DISTRICT,Walking/ Climbing,120765,67197,53568,82644,45623,37021,38121,21574,16547
SIALKOT,SIALKOT,DISTRICT,Communication,42086,23995,18091,29842,16966,12876,12244,7029,5215
SIALKOT,SIALKOT,DISTRICT,Memorization/ Focus,54587,30512,24075,37468,20818,16650,17119,9694,7425
SIALKOT,SIALKOT,DISTRICT,Self care etc,41041,22275,18766,28234,15167,13067,12807,7108,5699
DASKA,SIALKOT,TEHSIL,Population,980495,496973,483522,721177,365134,356043,259318,131839,127479
DASKA,SIALKOT,TEHSIL,Disability,25664,14477,11187,18482,10424,8058,7182,4053,3129
DASKA,SIALKOT,TEHSIL,Functional limitation,76793,42355,34438,55856,30772,25084,20937,11583,9354
DASKA,SIALKOT,TEHSIL,Seeing,14629,8093,6536,10953,6046,4907,3676,2047,1629
DASKA,SIALKOT,TEHSIL,Hearing,15742,8843,6899,11656,6557,5099,4086,2286,1800
DASKA,SIALKOT,TEHSIL,Walking/ Climbing,26511,14831,11680,18953,10563,8390,7558,4268,3290
DASKA,SIALKOT,TEHSIL,Communication,8696,5088,3608,6656,3883,2773,2040,1205,835
DASKA,SIALKOT,TEHSIL,Memorization/ Focus,11401,6346,5055,8025,4477,3548,3376,1869,1507
DASKA,SIALKOT,TEHSIL,Self care etc,8553,4592,3961,6301,3393,2908,2252,1199,1053
PASRUR,SIALKOT,TEHSIL,Population,970043,490148,479895,838242,422890,415352,131801,67258,64543
PASRUR,SIALKOT,TEHSIL,Disability,22398,12699,9699,19145,10820,8325,3253,1879,1374
PASRUR,SIALKOT,TEHSIL,Functional limitation,70664,38851,31813,60644,33308,27336,10020,5543,4477
PASRUR,SIALKOT,TEHSIL,Seeing,13082,7275,5807,11250,6279,4971,1832,996,836
PASRUR,SIALKOT,TEHSIL,Hearing,14497,8013,6484,12491,6904,5587,2006,1109,897
PASRUR,SIALKOT,TEHSIL,Walking/ Climbing,24187,13591,10596,20844,11733,9111,3343,1858,1485
PASRUR,SIALKOT,TEHSIL,Communication,9053,4976,4077,7575,4123,3452,1478,853,625
PASRUR,SIALKOT,TEHSIL,Memorization/ Focus,11560,6551,5009,10081,5656,4425,1479,895,584
PASRUR,SIALKOT,TEHSIL,Self care etc,7450,4109,3341,6505,3599,2906,945,510,435
SAMBRIAL,SIALKOT,TEHSIL,Population,460280,231557,228723,318373,159363,159010,141907,72194,69713
SAMBRIAL,SIALKOT,TEHSIL,Disability,20730,11041,9689,17635,9481,8154,3095,1560,1535
SAMBRIAL,SIALKOT,TEHSIL,Functional limitation,45443,24580,20863,34940,18903,16037,10503,5677,4826
SAMBRIAL,SIALKOT,TEHSIL,Seeing,7016,3919,3097,5145,2863,2282,1871,1056,815
SAMBRIAL,SIALKOT,TEHSIL,Hearing,8351,4446,3905,6382,3324,3058,1969,1122,847
SAMBRIAL,SIALKOT,TEHSIL,Walking/ Climbing,13099,7152,5947,9564,5134,4430,3535,2018,1517
SAMBRIAL,SIALKOT,TEHSIL,Communication,6679,3841,2838,5407,3254,2153,1272,587,685
SAMBRIAL,SIALKOT,TEHSIL,Memorization/ Focus,7701,4194,3507,6107,3383,2724,1594,811,783
SAMBRIAL,SIALKOT,TEHSIL,Self care etc,5915,3069,2846,4881,2481,2400,1034,588,446
SIALKOT,SIALKOT,TEHSIL,Population,2061644,1047193,1014451,1139295,572157,567138,922349,475036,447313
SIALKOT,SIALKOT,TEHSIL,Disability,59933,33741,26192,38284,20851,17433,21649,12890,8759
SIALKOT,SIALKOT,TEHSIL,Functional limitation,167649,92681,74968,96483,52432,44051,71166,40249,30917
SIALKOT,SIALKOT,TEHSIL,Seeing,31312,17526,13786,18635,10333,8302,12677,7193,5484
SIALKOT,SIALKOT,TEHSIL,Hearing,32774,18054,14720,18689,10111,8578,14085,7943,6142
SIALKOT,SIALKOT,TEHSIL,Walking/ Climbing,56968,31623,25345,33283,18193,15090,23685,13430,10255
SIALKOT,SIALKOT,TEHSIL,Communication,17658,10090,7568,10204,5706,4498,7454,4384,3070
SIALKOT,SIALKOT,TEHSIL,Memorization/ Focus,23925,13421,10504,13255,7302,5953,10670,6119,4551
SIALKOT,SIALKOT,TEHSIL,Self care etc,19123,10505,8618,10547,5694,4853,8576,4811,3765
TOBA TEK SINGH,TOBA TEK SINGH,DISTRICT,Population,2524044,1295882,1228162,1960519,1007085,953434,563525,288797,274728
TOBA TEK SINGH,TOBA TEK SINGH,DISTRICT,Disability,101291,57020,44271,79136,44377,34759,22155,12643,9512
TOBA TEK SINGH,TOBA TEK SINGH,DISTRICT,Functional limitation,307480,168916,138564,239518,131432,108086,67962,37484,30478
TOBA TEK SINGH,TOBA TEK SINGH,DISTRICT,Seeing,56199,30754,25445,43749,23932,19817,12450,6822,5628
TOBA TEK SINGH,TOBA TEK SINGH,DISTRICT,Hearing,62160,34345,27815,47616,26347,21269,14544,7998,6546
TOBA TEK SINGH,TOBA TEK SINGH,DISTRICT,Walking/ Climbing,98032,54162,43870,76948,42494,34454,21084,11668,9416
TOBA TEK SINGH,TOBA TEK SINGH,DISTRICT,Communication,33434,18923,14511,25554,14412,11142,7880,4511,3369
TOBA TEK SINGH,TOBA TEK SINGH,DISTRICT,Memorization/ Focus,45849,25486,20363,35223,19514,15709,10626,5972,4654
TOBA TEK SINGH,TOBA TEK SINGH,DISTRICT,Self care etc,35103,19210,15893,27368,14963,12405,7735,4247,3488
GOJRA,TOBA TEK SINGH,TEHSIL,Population,755579,388022,367557,541230,277924,263306,214349,110098,104251
GOJRA,TOBA TEK SINGH,TEHSIL,Disability,26671,15467,11204,19865,11532,8333,6806,3935,2871
GOJRA,TOBA TEK SINGH,TEHSIL,Functional limitation,89127,49474,39653,65134,36158,28976,23993,13316,10677
GOJRA,TOBA TEK SINGH,TEHSIL,Seeing,15980,8769,7211,11496,6301,5195,4484,2468,2016
GOJRA,TOBA TEK SINGH,TEHSIL,Hearing,17781,9900,7881,12794,7125,5669,4987,2775,2212
GOJRA,TOBA TEK SINGH,TEHSIL,Walking/ Climbing,29369,16342,13027,21460,11952,9508,7909,4390,3519
GOJRA,TOBA TEK SINGH,TEHSIL,Communication,9109,5203,3906,6656,3794,2862,2453,1409,1044
GOJRA,TOBA TEK SINGH,TEHSIL,Memorization/ Focus,13028,7349,5679,9465,5342,4123,3563,2007,1556
GOJRA,TOBA TEK SINGH,TEHSIL,Self care etc,10184,5686,4498,7458,4169,3289,2726,1517,1209
KAMALIA,TOBA TEK SINGH,TEHSIL,Population,422477,216600,205877,255860,131277,124583,166617,85323,81294
KAMALIA,TOBA TEK SINGH,TEHSIL,Disability,28183,14778,13405,19814,10039,9775,8369,4739,3630
KAMALIA,TOBA TEK SINGH,TEHSIL,Functional limitation,62024,33127,28897,40094,21063,19031,21930,12064,9866
KAMALIA,TOBA TEK SINGH,TEHSIL,Seeing,11357,6181,5176,7354,3980,3374,4003,2201,1802
KAMALIA,TOBA TEK SINGH,TEHSIL,Hearing,12675,6852,5823,7552,4084,3468,5123,2768,2355
KAMALIA,TOBA TEK SINGH,TEHSIL,Walking/ Climbing,16705,9001,7704,10915,5780,5135,5790,3221,2569
KAMALIA,TOBA TEK SINGH,TEHSIL,Communication,8021,4399,3622,4964,2616,2348,3057,1783,1274
KAMALIA,TOBA TEK SINGH,TEHSIL,Memorization/ Focus,9905,5299,4606,6151,3158,2993,3754,2141,1613
KAMALIA,TOBA TEK SINGH,TEHSIL,Self care etc,7591,3968,3623,5097,2626,2471,2494,1342,1152
PIRMAHAL,TOBA TEK SINGH,TEHSIL,Population,496636,255302,241334,437179,224590,212589,59457,30712,28745
PIRMAHAL,TOBA TEK SINGH,TEHSIL,Disability,15897,9246,6651,14558,8474,6084,1339,772,567
PIRMAHAL,TOBA TEK SINGH,TEHSIL,Functional limitation,54469,30255,24214,48469,26933,21536,6000,3322,2678
PIRMAHAL,TOBA TEK SINGH,TEHSIL,Seeing,10052,5564,4488,8957,4966,3991,1095,598,497
PIRMAHAL,TOBA TEK SINGH,TEHSIL,Hearing,11132,6202,4930,9912,5520,4392,1220,682,538
PIRMAHAL,TOBA TEK SINGH,TEHSIL,Walking/ Climbing,18292,10206,8086,16293,9106,7187,1999,1100,899
PIRMAHAL,TOBA TEK SINGH,TEHSIL,Communication,5890,3403,2487,5318,3084,2234,572,319,253
PIRMAHAL,TOBA TEK SINGH,TEHSIL,Memorization/ Focus,8103,4564,3539,7238,4089,3149,865,475,390
PIRMAHAL,TOBA TEK SINGH,TEHSIL,Self care etc,5974,3302,2672,5333,2943,2390,641,359,282
TOBA TEK SINGH,TOBA TEK SINGH,TEHSIL,Population,849352,435958,413394,726250,373294,352956,123102,62664,60438
TOBA TEK SINGH,TOBA TEK SINGH,TEHSIL,Disability,30540,17529,13011,24899,14332,10567,5641,3197,2444
TOBA TEK SINGH,TOBA TEK SINGH,TEHSIL,Functional limitation,101860,56060,45800,85821,47278,38543,16039,8782,7257
TOBA TEK SINGH,TOBA TEK SINGH,TEHSIL,Seeing,18810,10240,8570,15942,8685,7257,2868,1555,1313
TOBA TEK SINGH,TOBA TEK SINGH,TEHSIL,Hearing,20572,11391,9181,17358,9618,7740,3214,1773,1441
TOBA TEK SINGH,TOBA TEK SINGH,TEHSIL,Walking/ Climbing,33666,18613,15053,28280,15656,12624,5386,2957,2429
TOBA TEK SINGH,TOBA TEK SINGH,TEHSIL,Communication,10414,5918,4496,8616,4918,3698,1798,1000,798
TOBA TEK SINGH,TOBA TEK SINGH,TEHSIL,Memorization/ Focus,14813,8274,6539,12369,6925,5444,2444,1349,1095
TOBA TEK SINGH,TOBA TEK SINGH,TEHSIL,Self care etc,11354,6254,5100,9480,5225,4255,1874,1029,845
VEHARI,VEHARI,DISTRICT,Population,3428191,1734104,1694087,2645727,1339855,1305872,782464,394249,388215
VEHARI,VEHARI,DISTRICT,Disability,80187,43150,37037,67064,35943,31121,13123,7207,5916
VEHARI,VEHARI,DISTRICT,Functional limitation,223914,117344,106570,178816,93559,85257,45098,23785,21313
VEHARI,VEHARI,DISTRICT,Seeing,41862,22085,19777,33190,17491,15699,8672,4594,4078
VEHARI,VEHARI,DISTRICT,Hearing,48335,25428,22907,38464,20211,18253,9871,5217,4654
VEHARI,VEHARI,DISTRICT,Walking/ Climbing,72508,39015,33493,57066,30699,26367,15442,8316,7126
VEHARI,VEHARI,DISTRICT,Communication,30316,16651,13665,24492,13399,11093,5824,3252,2572
VEHARI,VEHARI,DISTRICT,Memorization/ Focus,36584,19437,17147,29200,15488,13712,7384,3949,3435
VEHARI,VEHARI,DISTRICT,Self care etc,24726,12581,12145,19966,10132,9834,4760,2449,2311
BUREWALA,VEHARI,TEHSIL,Population,1203944,605630,598314,842323,424800,417523,361621,180830,180791
BUREWALA,VEHARI,TEHSIL,Disability,23544,13052,10492,16342,9105,7237,7202,3947,3255
BUREWALA,VEHARI,TEHSIL,Functional limitation,75390,39907,35483,53408,28321,25087,21982,11586,10396
BUREWALA,VEHARI,TEHSIL,Seeing,14482,7741,6741,10407,5562,4845,4075,2179,1896
BUREWALA,VEHARI,TEHSIL,Hearing,16506,8733,7773,11811,6250,5561,4695,2483,2212
BUREWALA,VEHARI,TEHSIL,Walking/ Climbing,25984,14148,11836,18461,10078,8383,7523,4070,3453
BUREWALA,VEHARI,TEHSIL,Communication,9858,5527,4331,6970,3912,3058,2888,1615,1273
BUREWALA,VEHARI,TEHSIL,Memorization/ Focus,12391,6691,5700,8811,4763,4048,3580,1928,1652
BUREWALA,VEHARI,TEHSIL,Self care etc,8047,4148,3899,5669,2924,2745,2378,1224,1154
MAILSI,VEHARI,TEHSIL,Population,1118673,566730,551943,908099,459538,448561,210574,107192,103382
MAILSI,VEHARI,TEHSIL,Disability,18673,10278,8395,15344,8491,6853,3329,1787,1542
MAILSI,VEHARI,TEHSIL,Functional limitation,65431,34267,31164,53452,27991,25461,11979,6276,5703
MAILSI,VEHARI,TEHSIL,Seeing,12382,6514,5868,10189,5371,4818,2193,1143,1050
MAILSI,VEHARI,TEHSIL,Hearing,14189,7444,6745,11581,6077,5504,2608,1367,1241
MAILSI,VEHARI,TEHSIL,Walking/ Climbing,22111,11838,10273,18068,9657,8411,4043,2181,1862
MAILSI,VEHARI,TEHSIL,Communication,8077,4516,3561,6610,3703,2907,1467,813,654
MAILSI,VEHARI,TEHSIL,Memorization/ Focus,10521,5579,4942,8617,4578,4039,1904,1001,903
MAILSI,VEHARI,TEHSIL,Self care etc,6896,3513,3383,5612,2859,2753,1284,654,630
VEHARI,VEHARI,TEHSIL,Population,1105574,561744,543830,895305,455517,439788,210269,106227,104042
VEHARI,VEHARI,TEHSIL,Disability,37970,19820,18150,35378,18347,17031,2592,1473,1119
VEHARI,VEHARI,TEHSIL,Functional limitation,83093,43170,39923,71956,37247,34709,11137,5923,5214
VEHARI,VEHARI,TEHSIL,Seeing,14998,7830,7168,12594,6558,6036,2404,1272,1132
VEHARI,VEHARI,TEHSIL,Hearing,17640,9251,8389,15072,7884,7188,2568,1367,1201
VEHARI,VEHARI,TEHSIL,Walking/ Climbing,24413,13029,11384,20537,10964,9573,3876,2065,1811
VEHARI,VEHARI,TEHSIL,Communication,12381,6608,5773,10912,5784,5128,1469,824,645
VEHARI,VEHARI,TEHSIL,Memorization/ Focus,13672,7167,6505,11772,6147,5625,1900,1020,880
VEHARI,VEHARI,TEHSIL,Self care etc,9783,4920,4863,8685,4349,4336,1098,571,527
