district,sex_age_group__in_years_,all_sexes_overall,male_overall,female_overall,transgender_overall,all_sexes_rural,male_rural,female_rural,transgender_rural,all_sexes_urban,male_urban,female_urban,transgender_urban
ATTOCK,ALL AGES,2133005,1071693,1061231,81,1546356,775739,770599,18,586649,295954,290632,63
ATTOCK,BELOW 1,36042,18112,17930,,26655,13481,13174,,9387,4631,4756,
ATTOCK,01,45952,23298,22654,,33297,16866,16431,,12655,6432,6223,
ATTOCK,02,51349,25931,25418,,37389,18891,18498,,13960,7040,6920,
ATTOCK,03,54402,27134,27268,,39350,19508,19842,,15052,7626,7426,
ATTOCK,04,54556,27184,27372,,39375,19697,19678,,15181,7487,7694,
ATTOCK,05,48546,24047,24499,,35218,17381,17837,,13328,6666,6662,
ATTOCK,06,47755,23898,23857,,34143,17081,17062,,13612,6817,6795,
ATTOCK,07,46900,23716,23184,,33650,17033,16617,,13250,6683,6567,
ATTOCK,08,44736,22492,22244,,32130,16213,15917,,12606,6279,6327,
ATTOCK,09,43225,21737,21488,,30982,15532,15450,,12243,6205,6038,
ATTOCK,10,44603,22131,22472,,31786,15712,16074,,12817,6419,6398,
ATTOCK,11,47423,23961,23462,,33560,16907,16653,,13863,7054,6809,
ATTOCK,12,46688,23466,23222,,33066,16582,16484,,13622,6884,6738,
ATTOCK,13,46279,23517,22762,,32463,16456,16007,,13816,7061,6755,
ATTOCK,14,45828,23362,22465,1,32595,16550,16044,1,13233,6812,6421,
ATTOCK,15,41772,21146,20624,2,29697,14860,14835,2,12075,6286,5789,
ATTOCK,16,41550,21374,20173,3,29590,15042,14547,1,11960,6332,5626,2
ATTOCK,17,40841,20470,20370,1,29407,14593,14813,1,11434,5877,5557,
ATTOCK,18,37788,18805,18981,2,27170,13432,13737,1,10618,5373,5244,1
ATTOCK,19,38332,19387,18944,1,27511,13905,13606,,10821,5482,5338,1
ATTOCK,20,35375,17749,17624,2,25725,12803,12921,1,9650,4946,4703,1
ATTOCK,21,36325,18459,17864,2,26072,13288,12784,,10253,5171,5080,2
ATTOCK,22,36793,18449,18339,5,26764,13442,13321,1,10029,5007,5018,4
ATTOCK,23,33440,16777,16660,3,24175,12224,11951,,9265,4553,4709,3
ATTOCK,24,34550,16991,17556,3,25126,12466,12660,,9424,4525,4896,3
ATTOCK,25,33115,17091,16020,4,24623,12773,11848,2,8492,4318,4172,2
ATTOCK,26,36472,17727,18743,2,26559,12992,13565,2,9913,4735,5178,
ATTOCK,27,33335,16246,17088,1,24381,11919,12461,1,8954,4327,4627,
ATTOCK,28,32507,15767,16733,7,23775,11592,12182,1,8732,4175,4551,6
ATTOCK,29,30663,13868,16793,2,22118,10028,12090,,8545,3840,4703,2
ATTOCK,30,31619,15232,16382,5,23035,11163,11872,,8584,4069,4510,5
ATTOCK,31,31859,15248,16610,1,22989,11031,11958,,8870,4217,4652,1
ATTOCK,32,32810,15661,17146,3,23622,11350,12272,,9188,4311,4874,3
ATTOCK,33,29045,13898,15146,1,21078,10184,10894,,7967,3714,4252,1
ATTOCK,34,30486,14447,16037,2,21869,10362,11507,,8617,4085,4530,2
ATTOCK,35,27513,13213,14294,6,19913,9565,10348,,7600,3648,3946,6
ATTOCK,36,33127,16044,17082,1,23558,11447,12111,,9569,4597,4971,1
ATTOCK,37,29224,14450,14773,1,20826,10268,10557,1,8398,4182,4216,
ATTOCK,38,30448,15548,14898,2,21946,11232,10714,,8502,4316,4184,2
ATTOCK,39,29147,14295,14852,,20924,10297,10627,,8223,3998,4225,
ATTOCK,40,26762,13054,13704,4,19123,9285,9838,,7639,3769,3866,4
ATTOCK,41,25339,12321,13018,,18286,8955,9331,,7053,3366,3687,
ATTOCK,42,27995,14003,13992,,19793,9821,9972,,8202,4182,4020,
ATTOCK,43,24190,12562,11626,2,17286,8920,8366,,6904,3642,3260,2
ATTOCK,44,26301,13432,12869,,18704,9503,9201,,7597,3929,3668,
ATTOCK,45,22281,11312,10967,2,16059,8033,8026,,6222,3279,2941,2
ATTOCK,46,24137,12216,11921,,17182,8666,8516,,6955,3550,3405,
ATTOCK,47,19956,10503,9452,1,14183,7349,6834,,5773,3154,2618,1
ATTOCK,48,20093,10462,9629,2,14696,7563,7132,1,5397,2899,2497,1
ATTOCK,49,19995,10114,9881,,14434,7199,7235,,5561,2915,2646,
ATTOCK,50,18793,9339,9453,1,13700,6726,6974,,5093,2613,2479,1
ATTOCK,51,18125,9087,9038,,13364,6661,6703,,4761,2426,2335,
ATTOCK,52,18304,9416,8888,,13494,6877,6617,,4810,2539,2271,
ATTOCK,53,15953,8297,7655,1,11799,6069,5730,,4154,2228,1925,1
ATTOCK,54,18459,9352,9105,2,13649,6871,6777,1,4810,2481,2328,1
ATTOCK,55,15744,8211,7533,,11679,6051,5628,,4065,2160,1905,
ATTOCK,56,17276,8814,8462,,12799,6473,6326,,4477,2341,2136,
ATTOCK,57,14540,7605,6935,,10781,5617,5164,,3759,1988,1771,
ATTOCK,58,14158,7652,6506,,10738,5790,4948,,3420,1862,1558,
ATTOCK,59,13737,7250,6487,,10111,5293,4818,,3626,1957,1669,
ATTOCK,60,14111,7213,6898,,10495,5388,5107,,3616,1825,1791,
ATTOCK,61,12927,6885,6042,,9597,5078,4519,,3330,1807,1523,
ATTOCK,62,11969,6816,5153,,8891,5003,3888,,3078,1813,1265,
ATTOCK,63,10707,6030,4676,1,7895,4418,3477,,2812,1612,1199,1
ATTOCK,64,11297,5844,5453,,8502,4395,4107,,2795,1449,1346,
ATTOCK,65,12030,5401,6629,,9055,4064,4991,,2975,1337,1638,
ATTOCK,66,10118,5337,4781,,7643,4014,3629,,2475,1323,1152,
ATTOCK,67,8910,4789,4121,,6730,3589,3141,,2180,1200,980,
ATTOCK,68,7862,4369,3492,1,6053,3336,2716,1,1809,1033,776,
ATTOCK,69,7838,3954,3884,,6003,3029,2974,,1835,925,910,
ATTOCK,70,8840,4428,4412,,6796,3410,3386,,2044,1018,1026,
ATTOCK,71,5240,3607,1633,,4114,2797,1317,,1126,810,316,
ATTOCK,72,6887,3706,3181,,5279,2839,2440,,1608,867,741,
ATTOCK,73,6023,3345,2678,,4711,2587,2124,,1312,758,554,
ATTOCK,74,6343,3239,3104,,4941,2525,2416,,1402,714,688,
ATTOCK,75 & ABOVE,37345,19400,17944,1,29679,15397,14282,,7666,4003,3662,1
BAHAWALNAGAR,ALL AGES,3544911,1842888,1701653,370,2571296,1336950,1234246,100,973615,505938,467407,270
BAHAWALNAGAR,BELOW 1,82644,42545,40099,,62428,32064,30364,,20216,10481,9735,
BAHAWALNAGAR,01,92035,48181,43854,,68899,36185,32714,,23136,11996,11140,
BAHAWALNAGAR,02,99809,51699,48110,,75596,39158,36438,,24213,12541,11672,
BAHAWALNAGAR,03,104751,53887,50864,,79328,40883,38445,,25423,13004,12419,
BAHAWALNAGAR,04,113439,59193,54246,,86175,45118,41057,,27264,14075,13189,
BAHAWALNAGAR,05,99004,51806,47198,,74428,38892,35536,,24576,12914,11662,
BAHAWALNAGAR,06,99064,51556,47508,,74560,38842,35718,,24504,12714,11790,
BAHAWALNAGAR,07,97431,50455,46976,,72211,37424,34787,,25220,13031,12189,
BAHAWALNAGAR,08,95950,50343,45607,,72060,37881,34179,,23890,12462,11428,
BAHAWALNAGAR,09,87794,46385,41409,,64637,34159,30478,,23157,12226,10931,
BAHAWALNAGAR,10,95740,51706,44034,,70802,38106,32696,,24938,13600,11338,
BAHAWALNAGAR,11,92256,49818,42438,,66265,35680,30585,,25991,14138,11853,
BAHAWALNAGAR,12,91724,50246,41478,,65944,35822,30122,,25780,14424,11356,
BAHAWALNAGAR,13,85647,46865,38782,,60492,32839,27653,,25155,14026,11129,
BAHAWALNAGAR,14,85080,45764,39302,14,60917,32449,28457,11,24163,13315,10845,3
BAHAWALNAGAR,15,75570,40489,35070,11,53695,28633,25054,8,21875,11856,10016,3
BAHAWALNAGAR,16,74644,40134,34504,6,53088,28490,24593,5,21556,11644,9911,1
BAHAWALNAGAR,17,67148,35660,31482,6,46712,24724,21984,4,20436,10936,9498,2
BAHAWALNAGAR,18,69904,36261,33638,5,50319,26023,24295,1,19585,10238,9343,4
BAHAWALNAGAR,19,62493,32193,30295,5,43520,22540,20979,1,18973,9653,9316,4
BAHAWALNAGAR,20,66355,33209,33135,11,47849,23816,24028,5,18506,9393,9107,6
BAHAWALNAGAR,21,55696,27983,27702,11,38687,19591,19096,,17009,8392,8606,11
BAHAWALNAGAR,22,60193,30580,29595,18,42833,21849,20981,3,17360,8731,8614,15
BAHAWALNAGAR,23,50285,25654,24617,14,35205,18076,17128,1,15080,7578,7489,13
BAHAWALNAGAR,24,52133,26421,25705,7,36496,18654,17842,,15637,7767,7863,7
BAHAWALNAGAR,25,58256,30378,27845,33,42641,22236,20400,5,15615,8142,7445,28
BAHAWALNAGAR,26,52799,26310,26475,14,37022,18641,18380,1,15777,7669,8095,13
BAHAWALNAGAR,27,50103,25474,24622,7,35283,18094,17188,1,14820,7380,7434,6
BAHAWALNAGAR,28,49307,24626,24663,18,35007,17601,17404,2,14300,7025,7259,16
BAHAWALNAGAR,29,43897,20257,23635,5,30980,14293,16685,2,12917,5964,6950,3
BAHAWALNAGAR,30,48962,24366,24573,23,35459,17547,17904,8,13503,6819,6669,15
BAHAWALNAGAR,31,43526,21227,22298,1,30729,15011,15718,,12797,6216,6580,1
BAHAWALNAGAR,32,45706,22217,23474,15,32230,15739,16490,1,13476,6478,6984,14
BAHAWALNAGAR,33,43259,21350,21904,5,30429,15064,15365,,12830,6286,6539,5
BAHAWALNAGAR,34,44997,22124,22869,4,32084,15867,16217,,12913,6257,6652,4
BAHAWALNAGAR,35,43417,21704,21702,11,31298,15557,15736,5,12119,6147,5966,6
BAHAWALNAGAR,36,42553,21314,21233,6,30071,15196,14872,3,12482,6118,6361,3
BAHAWALNAGAR,37,43716,22436,21277,3,31208,16099,15108,1,12508,6337,6169,2
BAHAWALNAGAR,38,40340,20828,19506,6,28567,14773,13792,2,11773,6055,5714,4
BAHAWALNAGAR,39,39900,20131,19762,7,28301,14315,13985,1,11599,5816,5777,6
BAHAWALNAGAR,40,38194,19058,19116,20,27460,13571,13883,6,10734,5487,5233,14
BAHAWALNAGAR,41,35307,17840,17467,,25371,12911,12460,,9936,4929,5007,
BAHAWALNAGAR,42,39511,20023,19485,3,28327,14482,13845,,11184,5541,5640,3
BAHAWALNAGAR,43,35122,18464,16654,4,25254,13331,11922,1,9868,5133,4732,3
BAHAWALNAGAR,44,36656,18968,17681,7,26160,13495,12663,2,10496,5473,5018,5
BAHAWALNAGAR,45,31368,16127,15231,10,22294,11390,10900,4,9074,4737,4331,6
BAHAWALNAGAR,46,30089,15732,14354,3,21266,11115,10150,1,8823,4617,4204,2
BAHAWALNAGAR,47,29773,15287,14481,5,21401,10934,10466,1,8372,4353,4015,4
BAHAWALNAGAR,48,28209,14383,13823,3,20002,10086,9916,,8207,4297,3907,3
BAHAWALNAGAR,49,27320,14124,13194,2,19399,10006,9391,2,7921,4118,3803,
BAHAWALNAGAR,50,27033,13471,13551,11,19384,9538,9842,4,7649,3933,3709,7
BAHAWALNAGAR,51,25255,13284,11969,2,17919,9404,8514,1,7336,3880,3455,1
BAHAWALNAGAR,52,29311,15106,14198,7,21162,10916,10243,3,8149,4190,3955,4
BAHAWALNAGAR,53,25379,13389,11988,2,18263,9623,8640,,7116,3766,3348,2
BAHAWALNAGAR,54,26276,13802,12473,1,18860,9873,8987,,7416,3929,3486,1
BAHAWALNAGAR,55,23392,12616,10771,5,16757,9010,7747,,6635,3606,3024,5
BAHAWALNAGAR,56,22739,12334,10404,1,16285,8831,7454,,6454,3503,2950,1
BAHAWALNAGAR,57,22814,12185,10628,1,16796,8975,7821,,6018,3210,2807,1
BAHAWALNAGAR,58,19868,10811,9057,,14207,7794,6413,,5661,3017,2644,
BAHAWALNAGAR,59,18459,10080,8377,2,13053,7134,5918,1,5406,2946,2459,1
BAHAWALNAGAR,60,19640,10273,9362,5,14454,7533,6919,2,5186,2740,2443,3
BAHAWALNAGAR,61,17396,9520,7876,,12360,6818,5542,,5036,2702,2334,
BAHAWALNAGAR,62,15803,8545,7257,1,11365,6069,5296,,4438,2476,1961,1
BAHAWALNAGAR,63,14199,7667,6531,1,10305,5488,4817,,3894,2179,1714,1
BAHAWALNAGAR,64,13915,7234,6680,1,10105,5226,4879,,3810,2008,1801,1
BAHAWALNAGAR,65,16138,7626,8512,,11818,5543,6275,,4320,2083,2237,
BAHAWALNAGAR,66,12150,6532,5618,,8732,4709,4023,,3418,1823,1595,
BAHAWALNAGAR,67,11217,6199,5017,1,8233,4501,3731,1,2984,1698,1286,
BAHAWALNAGAR,68,9388,5297,4090,1,6928,3924,3004,,2460,1373,1086,1
BAHAWALNAGAR,69,9350,4875,4475,,6884,3620,3264,,2466,1255,1211,
BAHAWALNAGAR,70,12223,6212,6009,2,9144,4627,4517,,3079,1585,1492,2
BAHAWALNAGAR,71,6553,4698,1855,,4924,3526,1398,,1629,1172,457,
BAHAWALNAGAR,72,8139,4318,3821,,6207,3300,2907,,1932,1018,914,
BAHAWALNAGAR,73,7169,4125,3043,1,5451,3106,2345,,1718,1019,698,1
BAHAWALNAGAR,74,7169,3675,3493,1,5516,2845,2671,,1653,830,822,1
BAHAWALNAGAR,75 & ABOVE,44860,25233,19626,1,34795,19765,15030,,10065,5468,4596,1
BAHAWALPUR,ALL AGES,4264457,2165158,2098830,469,2662487,1350146,1312204,137,1601970,815012,786626,332
BAHAWALPUR,BELOW 1,98488,49555,48933,,65236,33071,32165,,33252,16484,16768,
BAHAWALPUR,01,121032,61341,59691,,78127,39410,38717,,42905,21931,20974,
BAHAWALPUR,02,135040,68182,66858,,88590,44489,44101,,46450,23693,22757,
BAHAWALPUR,03,142227,71863,70364,,93246,47073,46173,,48981,24790,24191,
BAHAWALPUR,04,151604,76212,75392,,100489,50400,50089,,51115,25812,25303,
BAHAWALPUR,05,123180,62767,60413,,82021,41638,40383,,41159,21129,20030,
BAHAWALPUR,06,121647,61252,60395,,80778,40658,40120,,40869,20594,20275,
BAHAWALPUR,07,118199,59107,59092,,77701,38769,38932,,40498,20338,20160,
BAHAWALPUR,08,116472,58733,57739,,77775,39354,38421,,38697,19379,19318,
BAHAWALPUR,09,103512,52084,51428,,66563,33446,33117,,36949,18638,18311,
BAHAWALPUR,10,111274,56015,55259,,73108,36811,36297,,38166,19204,18962,
BAHAWALPUR,11,104254,53128,51126,,65006,33047,31959,,39248,20081,19167,
BAHAWALPUR,12,104050,52595,51455,,66186,33391,32795,,37864,19204,18660,
BAHAWALPUR,13,96736,49265,47471,,59441,30199,29242,,37295,19066,18229,
BAHAWALPUR,14,95997,48804,47175,18,59744,30267,29467,10,36253,18537,17708,8
BAHAWALPUR,15,86948,44176,42755,17,53716,27192,26513,11,33232,16984,16242,6
BAHAWALPUR,16,86127,44339,41779,9,53007,27180,25823,4,33120,17159,15956,5
BAHAWALPUR,17,77233,39639,37586,8,46059,23301,22758,,31174,16338,14828,8
BAHAWALPUR,18,86078,42693,43375,10,53721,26314,27405,2,32357,16379,15970,8
BAHAWALPUR,19,77584,39207,38368,9,45237,22776,22459,2,32347,16431,15909,7
BAHAWALPUR,20,82179,40529,41630,20,49938,24516,25417,5,32241,16013,16213,15
BAHAWALPUR,21,71659,36009,35638,12,40212,20364,19846,2,31447,15645,15792,10
BAHAWALPUR,22,73930,37043,36866,21,43243,21713,21528,2,30687,15330,15338,19
BAHAWALPUR,23,64789,32495,32281,13,37194,18996,18198,,27595,13499,14083,13
BAHAWALPUR,24,65282,32824,32438,20,38224,19372,18845,7,27058,13452,13593,13
BAHAWALPUR,25,72927,38433,34459,35,44723,23864,20852,7,28204,14569,13607,28
BAHAWALPUR,26,64208,32054,32144,10,37968,19275,18691,2,26240,12779,13453,8
BAHAWALPUR,27,59559,29840,29711,8,35510,17883,17625,2,24049,11957,12086,6
BAHAWALPUR,28,59792,29469,30306,17,35924,17830,18092,2,23868,11639,12214,15
BAHAWALPUR,29,52988,23711,29261,16,31395,14058,17335,2,21593,9653,11926,14
BAHAWALPUR,30,57393,28299,29072,22,34784,17432,17345,7,22609,10867,11727,15
BAHAWALPUR,31,54921,26539,28378,4,33313,16170,17143,,21608,10369,11235,4
BAHAWALPUR,32,54864,26415,28436,13,32706,15727,16976,3,22158,10688,11460,10
BAHAWALPUR,33,54799,26536,28255,8,33732,16233,17497,2,21067,10303,10758,6
BAHAWALPUR,34,53214,26027,27180,7,32339,15985,16353,1,20875,10042,10827,6
BAHAWALPUR,35,52594,27175,25390,29,31655,16436,15208,11,20939,10739,10182,18
BAHAWALPUR,36,50349,25307,25031,11,29410,14736,14673,1,20939,10571,10358,10
BAHAWALPUR,37,50262,25443,24815,4,30466,15210,15256,,19796,10233,9559,4
BAHAWALPUR,38,51057,25501,25545,11,30675,15134,15538,3,20382,10367,10007,8
BAHAWALPUR,39,48000,24226,23769,5,28558,14251,14306,1,19442,9975,9463,4
BAHAWALPUR,40,45039,23041,21977,21,27132,13805,13319,8,17907,9236,8658,13
BAHAWALPUR,41,45710,23319,22387,4,28792,14798,13991,3,16918,8521,8396,1
BAHAWALPUR,42,48244,25129,23109,6,30573,15943,14627,3,17671,9186,8482,3
BAHAWALPUR,43,47677,24873,22800,4,30500,15891,14609,,17177,8982,8191,4
BAHAWALPUR,44,42428,22138,20290,,25910,13470,12440,,16518,8668,7850,
BAHAWALPUR,45,37406,19886,17496,24,22264,11850,10402,12,15142,8036,7094,12
BAHAWALPUR,46,35071,18337,16732,2,20755,10783,9971,1,14316,7554,6761,1
BAHAWALPUR,47,34955,18040,16912,3,21837,11061,10774,2,13118,6979,6138,1
BAHAWALPUR,48,35632,17955,17675,2,22399,11183,11216,,13233,6772,6459,2
BAHAWALPUR,49,31452,16483,14969,,18629,9723,8906,,12823,6760,6063,
BAHAWALPUR,50,29823,15293,14525,5,17665,9013,8650,2,12158,6280,5875,3
BAHAWALPUR,51,28718,15170,13546,2,17384,9178,8206,,11334,5992,5340,2
BAHAWALPUR,52,31418,16201,15214,3,19540,9962,9575,3,11878,6239,5639,
BAHAWALPUR,53,30493,15654,14835,4,19476,9879,9595,2,11017,5775,5240,2
BAHAWALPUR,54,27701,14846,12854,1,16575,8910,7664,1,11126,5936,5190,
BAHAWALPUR,55,25671,14198,11467,6,15457,8594,6860,3,10214,5604,4607,3
BAHAWALPUR,56,24227,13277,10948,2,14308,7944,6364,,9919,5333,4584,2
BAHAWALPUR,57,23728,12739,10984,5,14663,7794,6869,,9065,4945,4115,5
BAHAWALPUR,58,22797,11986,10810,1,14295,7442,6852,1,8502,4544,3958,
BAHAWALPUR,59,19472,10892,8579,1,11463,6465,4998,,8009,4427,3581,1
BAHAWALPUR,60,21205,11350,9850,5,12823,6854,5968,1,8382,4496,3882,4
BAHAWALPUR,61,18642,10299,8343,,11129,6146,4983,,7513,4153,3360,
BAHAWALPUR,62,16615,9067,7548,,10147,5388,4759,,6468,3679,2789,
BAHAWALPUR,63,17578,9275,8302,1,10944,5604,5340,,6634,3671,2962,1
BAHAWALPUR,64,14762,7580,7182,,8834,4444,4390,,5928,3136,2792,
BAHAWALPUR,65,17991,8510,9479,2,11142,5258,5883,1,6849,3252,3596,1
BAHAWALPUR,66,13023,6968,6053,2,7920,4217,3703,,5103,2751,2350,2
BAHAWALPUR,67,12709,6818,5891,,7921,4136,3785,,4788,2682,2106,
BAHAWALPUR,68,11239,5832,5407,,7139,3588,3551,,4100,2244,1856,
BAHAWALPUR,69,10245,5106,5139,,6252,3080,3172,,3993,2026,1967,
BAHAWALPUR,70,13375,6868,6503,4,8647,4423,4221,3,4728,2445,2282,1
BAHAWALPUR,71,7307,5078,2229,,4765,3252,1513,,2542,1826,716,
BAHAWALPUR,72,8889,4719,4170,,6143,3251,2892,,2746,1468,1278,
BAHAWALPUR,73,8322,4666,3656,,5730,3107,2623,,2592,1559,1033,
BAHAWALPUR,74,7316,3672,3644,,4801,2447,2354,,2515,1225,1290,
BAHAWALPUR,75 & ABOVE,45129,25061,20066,2,30813,17292,13519,2,14316,7769,6547,
BHAKKAR,ALL AGES,1956971,1016124,940770,77,1604680,833033,771611,36,352291,183091,169159,41
BHAKKAR,BELOW 1,74322,40225,34097,,61743,33508,28235,,12579,6717,5862,
BHAKKAR,01,61897,33167,28730,,51064,27203,23861,,10833,5964,4869,
BHAKKAR,02,70114,37720,32394,,58152,31180,26972,,11962,6540,5422,
BHAKKAR,03,70860,38054,32806,,58720,31442,27278,,12140,6612,5528,
BHAKKAR,04,72890,39371,33519,,60561,32657,27904,,12329,6714,5615,
BHAKKAR,05,53070,27896,25174,,44417,23397,21020,,8653,4499,4154,
BHAKKAR,06,51357,26575,24782,,42853,22249,20604,,8504,4326,4178,
BHAKKAR,07,49620,25459,24161,,41401,21270,20131,,8219,4189,4030,
BHAKKAR,08,46646,24092,22554,,39028,20132,18896,,7618,3960,3658,
BHAKKAR,09,43148,22099,21049,,35950,18443,17507,,7198,3656,3542,
BHAKKAR,10,45122,23631,21491,,37729,19710,18019,,7393,3921,3472,
BHAKKAR,11,44416,23229,21187,,36460,19071,17389,,7956,4158,3798,
BHAKKAR,12,42859,22679,20180,,35463,18680,16783,,7396,3999,3397,
BHAKKAR,13,41755,22159,19596,,34312,18153,16159,,7443,4006,3437,
BHAKKAR,14,42730,22668,20059,3,35301,18696,16602,3,7429,3972,3457,
BHAKKAR,15,38408,20218,18187,3,31542,16559,14981,2,6866,3659,3206,1
BHAKKAR,16,38807,20374,18432,1,31821,16676,15144,1,6986,3698,3288,
BHAKKAR,17,36922,19419,17497,6,30021,15749,14268,4,6901,3670,3229,2
BHAKKAR,18,35970,18611,17358,1,29646,15270,14375,1,6324,3341,2983,
BHAKKAR,19,33566,17449,16116,1,27247,14166,13080,1,6319,3283,3036,
BHAKKAR,20,33580,16966,16612,2,27467,13875,13591,1,6113,3091,3021,1
BHAKKAR,21,31674,16124,15548,2,25633,13137,12496,,6041,2987,3052,2
BHAKKAR,22,31278,16117,15158,3,25482,13200,12281,1,5796,2917,2877,2
BHAKKAR,23,29796,15289,14507,,24176,12444,11732,,5620,2845,2775,
BHAKKAR,24,31136,15646,15488,2,25084,12605,12478,1,6052,3041,3010,1
BHAKKAR,25,29561,15390,14169,2,24134,12597,11537,,5427,2793,2632,2
BHAKKAR,26,30124,14579,15541,4,24140,11724,12413,3,5984,2855,3128,1
BHAKKAR,27,29274,14590,14683,1,23673,11842,11831,,5601,2748,2852,1
BHAKKAR,28,27443,13890,13549,4,21988,11236,10749,3,5455,2654,2800,1
BHAKKAR,29,26995,12499,14494,2,21806,10170,11634,2,5189,2329,2860,
BHAKKAR,30,24925,12566,12357,2,20226,10200,10024,2,4699,2366,2333,
BHAKKAR,31,27153,13267,13886,,21952,10694,11258,,5201,2573,2628,
BHAKKAR,32,25769,12706,13061,2,20738,10223,10515,,5031,2483,2546,2
BHAKKAR,33,26014,12907,13106,1,21235,10464,10771,,4779,2443,2335,1
BHAKKAR,34,25469,12578,12891,,20487,10095,10392,,4982,2483,2499,
BHAKKAR,35,20395,10261,10129,5,16512,8299,8212,1,3883,1962,1917,4
BHAKKAR,36,22629,11447,11181,1,18050,9132,8918,,4579,2315,2263,1
BHAKKAR,37,22731,11135,11595,1,18521,9043,9477,1,4210,2092,2118,
BHAKKAR,38,21669,10730,10935,4,17443,8571,8872,,4226,2159,2063,4
BHAKKAR,39,20617,10652,9963,2,16588,8544,8043,1,4029,2108,1920,1
BHAKKAR,40,18856,9443,9411,2,15313,7692,7621,,3543,1751,1790,2
BHAKKAR,41,22169,11261,10907,1,18147,9202,8944,1,4022,2059,1963,
BHAKKAR,42,23177,11315,11861,1,18928,9237,9690,1,4249,2078,2171,
BHAKKAR,43,21557,10591,10963,3,17812,8680,9131,1,3745,1911,1832,2
BHAKKAR,44,19637,10089,9548,,15910,8141,7769,,3727,1948,1779,
BHAKKAR,45,14742,7503,7238,1,11961,6052,5909,,2781,1451,1329,1
BHAKKAR,46,16093,8379,7713,1,12762,6645,6117,,3331,1734,1596,1
BHAKKAR,47,15580,7644,7935,1,12628,6142,6485,1,2952,1502,1450,
BHAKKAR,48,14859,7277,7580,2,12057,5867,6190,,2802,1410,1390,2
BHAKKAR,49,14052,7373,6679,,11356,5945,5411,,2696,1428,1268,
BHAKKAR,50,12833,6473,6360,,10457,5285,5172,,2376,1188,1188,
BHAKKAR,51,13618,7159,6459,,11073,5846,5227,,2545,1313,1232,
BHAKKAR,52,15198,7654,7544,,12450,6263,6187,,2748,1391,1357,
BHAKKAR,53,14168,7024,7144,,11811,5816,5995,,2357,1208,1149,
BHAKKAR,54,13647,7330,6317,,11072,5941,5131,,2575,1389,1186,
BHAKKAR,55,11084,6243,4841,,9022,5120,3902,,2062,1123,939,
BHAKKAR,56,12352,6761,5591,,9962,5454,4508,,2390,1307,1083,
BHAKKAR,57,11910,6368,5539,3,9709,5204,4503,2,2201,1164,1036,1
BHAKKAR,58,11172,6004,5166,2,9128,4901,4226,1,2044,1103,940,1
BHAKKAR,59,10071,5629,4441,1,8141,4582,3558,1,1930,1047,883,
BHAKKAR,60,9385,5097,4287,1,7594,4164,3430,,1791,933,857,1
BHAKKAR,61,9471,5254,4217,,7594,4219,3375,,1877,1035,842,
BHAKKAR,62,8437,4674,3762,1,6680,3692,2988,,1757,982,774,1
BHAKKAR,63,7732,4165,3566,1,6240,3288,2952,,1492,877,614,1
BHAKKAR,64,7215,3849,3366,,5760,3078,2682,,1455,771,684,
BHAKKAR,65,7485,3658,3827,,6105,2997,3108,,1380,661,719,
BHAKKAR,66,6643,3608,3035,,5331,2912,2419,,1312,696,616,
BHAKKAR,67,6105,3343,2762,,4991,2747,2244,,1114,596,518,
BHAKKAR,68,5184,2896,2288,,4199,2379,1820,,985,517,468,
BHAKKAR,69,5055,2580,2475,,4086,2090,1996,,969,490,479,
BHAKKAR,70,6064,3119,2944,1,5025,2580,2445,,1039,539,499,1
BHAKKAR,71,3951,2642,1309,,3301,2193,1108,,650,449,201,
BHAKKAR,72,4613,2536,2077,,3894,2118,1776,,719,418,301,
BHAKKAR,73,3998,2259,1739,,3358,1895,1463,,640,364,276,
BHAKKAR,74,3693,1961,1732,,3043,1635,1408,,650,326,324,
BHAKKAR,75 & ABOVE,22454,12529,9925,,19014,10725,8289,,3440,1804,1636,
CHAKWAL,ALL AGES,1731689,862509,869091,89,1296931,643656,653260,15,434758,218853,215831,74
CHAKWAL,BELOW 1,41580,19629,21951,,31300,14863,16437,,10280,4766,5514,
CHAKWAL,01,42350,21175,21175,,31215,15628,15587,,11135,5547,5588,
CHAKWAL,02,46663,23184,23479,,34276,17106,17170,,12387,6078,6309,
CHAKWAL,03,47059,23474,23585,,34313,17191,17122,,12746,6283,6463,
CHAKWAL,04,45355,22662,22693,,33204,16634,16570,,12151,6028,6123,
CHAKWAL,05,36893,18460,18433,,27113,13522,13591,,9780,4938,4842,
CHAKWAL,06,35968,18237,17731,,26201,13317,12884,,9767,4920,4847,
CHAKWAL,07,35895,18106,17789,,26424,13399,13025,,9471,4707,4764,
CHAKWAL,08,33247,16710,16537,,24481,12364,12117,,8766,4346,4420,
CHAKWAL,09,33391,16894,16497,,24863,12603,12260,,8528,4291,4237,
CHAKWAL,10,32615,16800,15815,,23990,12372,11618,,8625,4428,4197,
CHAKWAL,11,36387,18563,17824,,26978,13667,13311,,9409,4896,4513,
CHAKWAL,12,34351,17769,16582,,24965,12866,12099,,9386,4903,4483,
CHAKWAL,13,34744,18308,16436,,25390,13347,12043,,9354,4961,4393,
CHAKWAL,14,35198,18891,16302,5,25385,13580,11805,,9813,5311,4497,5
CHAKWAL,15,32012,16882,15127,3,23118,12085,11032,1,8894,4797,4095,2
CHAKWAL,16,31116,16686,14428,2,22651,12030,10621,,8465,4656,3807,2
CHAKWAL,17,31451,16357,15090,4,22957,11789,11168,,8494,4568,3922,4
CHAKWAL,18,27475,14441,13033,1,19922,10303,9618,1,7553,4138,3415,
CHAKWAL,19,29556,15342,14210,4,22076,11401,10674,1,7480,3941,3536,3
CHAKWAL,20,25920,13201,12717,2,19086,9669,9417,,6834,3532,3300,2
CHAKWAL,21,28561,14039,14519,3,21264,10405,10859,,7297,3634,3660,3
CHAKWAL,22,27533,13869,13659,5,20479,10305,10173,1,7054,3564,3486,4
CHAKWAL,23,26042,12821,13219,2,19343,9514,9829,,6699,3307,3390,2
CHAKWAL,24,27004,13009,13995,,20226,9719,10507,,6778,3290,3488,
CHAKWAL,25,23823,12293,11526,4,17523,9081,8442,,6300,3212,3084,4
CHAKWAL,26,28164,13092,15070,2,21220,9865,11355,,6944,3227,3715,2
CHAKWAL,27,26349,12401,13947,1,19904,9297,10606,1,6445,3104,3341,
CHAKWAL,28,25163,11943,13213,7,18911,9006,9902,3,6252,2937,3311,4
CHAKWAL,29,25402,11128,14272,2,19405,8441,10964,,5997,2687,3308,2
CHAKWAL,30,22725,11447,11273,5,16860,8584,8276,,5865,2863,2997,5
CHAKWAL,31,26462,12175,14287,,20126,9209,10917,,6336,2966,3370,
CHAKWAL,32,26341,12505,13833,3,19676,9331,10345,,6665,3174,3488,3
CHAKWAL,33,24497,11215,13282,,18829,8584,10245,,5668,2631,3037,
CHAKWAL,34,24923,11397,13526,,18944,8633,10311,,5979,2764,3215,
CHAKWAL,35,20605,9829,10772,4,15108,7168,7937,3,5497,2661,2835,1
CHAKWAL,36,26761,12629,14129,3,20139,9538,10600,1,6622,3091,3529,2
CHAKWAL,37,24143,11391,12750,2,18248,8564,9684,,5895,2827,3066,2
CHAKWAL,38,24530,12426,12103,1,18342,9305,9037,,6188,3121,3066,1
CHAKWAL,39,24540,11713,12827,,18556,8806,9750,,5984,2907,3077,
CHAKWAL,40,19244,9359,9882,3,14089,6888,7201,,5155,2471,2681,3
CHAKWAL,41,21373,9938,11434,1,16389,7607,8782,,4984,2331,2652,1
CHAKWAL,42,23546,11416,12128,2,17693,8590,9103,,5853,2826,3025,2
CHAKWAL,43,20905,10355,10550,,15859,7771,8088,,5046,2584,2462,
CHAKWAL,44,21703,10833,10870,,16463,8178,8285,,5240,2655,2585,
CHAKWAL,45,16391,8447,7940,4,11888,6117,5770,1,4503,2330,2170,3
CHAKWAL,46,19563,9733,9830,,14829,7379,7450,,4734,2354,2380,
CHAKWAL,47,16581,8416,8165,,12537,6262,6275,,4044,2154,1890,
CHAKWAL,48,16181,8209,7971,1,12158,6129,6029,,4023,2080,1942,1
CHAKWAL,49,15981,7723,8258,,12090,5799,6291,,3891,1924,1967,
CHAKWAL,50,13541,6573,6966,2,9962,4830,5132,,3579,1743,1834,2
CHAKWAL,51,14584,7147,7437,,11074,5350,5724,,3510,1797,1713,
CHAKWAL,52,15800,7812,7987,1,12088,5915,6173,,3712,1897,1814,1
CHAKWAL,53,13986,6966,7020,,10762,5268,5494,,3224,1698,1526,
CHAKWAL,54,15396,7585,7810,1,11792,5799,5993,,3604,1786,1817,1
CHAKWAL,55,12240,6326,5912,2,9140,4717,4423,,3100,1609,1489,2
CHAKWAL,56,14664,7194,7470,,11384,5530,5854,,3280,1664,1616,
CHAKWAL,57,13172,6453,6718,1,10304,4999,5304,1,2868,1454,1414,
CHAKWAL,58,13007,6607,6400,,10149,5134,5015,,2858,1473,1385,
CHAKWAL,59,12388,6242,6146,,9785,4929,4856,,2603,1313,1290,
CHAKWAL,60,10941,5608,5332,1,8250,4226,4024,,2691,1382,1308,1
CHAKWAL,61,11136,5682,5453,1,8688,4409,4279,,2448,1273,1174,1
CHAKWAL,62,11216,5975,5241,,8798,4645,4153,,2418,1330,1088,
CHAKWAL,63,10855,5689,5166,,8467,4401,4066,,2388,1288,1100,
CHAKWAL,64,10381,5190,5190,1,8105,4034,4071,,2276,1156,1119,1
CHAKWAL,65,10002,4425,5577,,7628,3360,4268,,2374,1065,1309,
CHAKWAL,66,9433,4714,4718,1,7381,3626,3754,1,2052,1088,964,
CHAKWAL,67,8908,4557,4351,,7091,3559,3532,,1817,998,819,
CHAKWAL,68,7904,4242,3662,,6282,3340,2942,,1622,902,720,
CHAKWAL,69,7771,3824,3947,,6139,2969,3170,,1632,855,777,
CHAKWAL,70,7502,3681,3820,1,5858,2843,3015,,1644,838,805,1
CHAKWAL,71,5446,3529,1917,,4422,2796,1626,,1024,733,291,
CHAKWAL,72,6724,3480,3244,,5354,2722,2632,,1370,758,612,
CHAKWAL,73,5908,3103,2805,,4757,2415,2342,,1151,688,463,
CHAKWAL,74,6232,3080,3152,,4960,2428,2532,,1272,652,620,
CHAKWAL,75 & ABOVE,38290,19303,18986,1,31305,15601,15704,,6985,3702,3282,1
CHINIOT,ALL AGES,1563024,790731,772126,167,1071352,542708,528595,49,491672,248023,243531,118
CHINIOT,BELOW 1,36916,18690,18226,,27007,13710,13297,,9909,4980,4929,
CHINIOT,01,38474,19541,18933,,27514,14062,13452,,10960,5479,5481,
CHINIOT,02,42611,21558,21053,,30642,15557,15085,,11969,6001,5968,
CHINIOT,03,47178,23701,23477,,33904,17074,16830,,13274,6627,6647,
CHINIOT,04,50884,25392,25492,,36831,18396,18435,,14053,6996,7057,
CHINIOT,05,41985,21201,20784,,29853,15221,14632,,12132,5980,6152,
CHINIOT,06,42396,21269,21127,,30151,15220,14931,,12245,6049,6196,
CHINIOT,07,40648,20357,20291,,28539,14374,14165,,12109,5983,6126,
CHINIOT,08,40269,20196,20073,,28699,14410,14289,,11570,5786,5784,
CHINIOT,09,35709,18029,17680,,24913,12565,12348,,10796,5464,5332,
CHINIOT,10,39766,19993,19773,,27849,13983,13866,,11917,6010,5907,
CHINIOT,11,37312,18949,18363,,25111,12768,12343,,12201,6181,6020,
CHINIOT,12,38260,19120,19140,,25810,12884,12926,,12450,6236,6214,
CHINIOT,13,34898,17826,17072,,23021,11918,11103,,11877,5908,5969,
CHINIOT,14,35916,18300,17615,1,23833,12179,11653,1,12083,6121,5962,
CHINIOT,15,32769,16634,16132,3,22009,11258,10750,1,10760,5376,5382,2
CHINIOT,16,32418,16617,15797,4,21691,11210,10479,2,10727,5407,5318,2
CHINIOT,17,30464,15574,14883,7,20355,10446,9905,4,10109,5128,4978,3
CHINIOT,18,31780,15707,16066,7,21626,10568,11057,1,10154,5139,5009,6
CHINIOT,19,27528,13989,13535,4,18130,9301,8827,2,9398,4688,4708,2
CHINIOT,20,29698,14352,15333,13,20519,9860,10655,4,9179,4492,4678,9
CHINIOT,21,24239,12330,11909,,15831,8128,7703,,8408,4202,4206,
CHINIOT,22,26701,13414,13283,4,17620,8850,8768,2,9081,4564,4515,2
CHINIOT,23,22691,11364,11323,4,14958,7524,7434,,7733,3840,3889,4
CHINIOT,24,23384,11705,11675,4,15382,7834,7547,1,8002,3871,4128,3
CHINIOT,25,27369,13679,13678,12,18975,9460,9512,3,8394,4219,4166,9
CHINIOT,26,23877,11576,12290,11,15444,7535,7904,5,8433,4041,4386,6
CHINIOT,27,21646,10710,10936,,14241,7065,7176,,7405,3645,3760,
CHINIOT,28,22362,11097,11258,7,14878,7460,7416,2,7484,3637,3842,5
CHINIOT,29,19726,8979,10741,6,13105,6012,7093,,6621,2967,3648,6
CHINIOT,30,23386,10954,12419,13,15837,7421,8412,4,7549,3533,4007,9
CHINIOT,31,20688,10100,10586,2,13806,6678,7128,,6882,3422,3458,2
CHINIOT,32,20343,9769,10567,7,13230,6290,6940,,7113,3479,3627,7
CHINIOT,33,20125,10003,10121,1,13308,6607,6701,,6817,3396,3420,1
CHINIOT,34,19642,9494,10147,1,12872,6223,6649,,6770,3271,3498,1
CHINIOT,35,20864,10326,10526,12,14012,6859,7150,3,6852,3467,3376,9
CHINIOT,36,18019,9035,8979,5,11506,5771,5735,,6513,3264,3244,5
CHINIOT,37,17974,9052,8919,3,11737,5920,5816,1,6237,3132,3103,2
CHINIOT,38,18669,9533,9135,1,12358,6279,6079,,6311,3254,3056,1
CHINIOT,39,17511,8856,8653,2,11418,5745,5673,,6093,3111,2980,2
CHINIOT,40,17872,8894,8972,6,11959,5870,6088,1,5913,3024,2884,5
CHINIOT,41,16692,8399,8292,1,11379,5697,5682,,5313,2702,2610,1
CHINIOT,42,17133,8806,8326,1,11399,5819,5580,,5734,2987,2746,1
CHINIOT,43,16952,8792,8160,,11813,6039,5774,,5139,2753,2386,
CHINIOT,44,15433,7982,7450,1,10358,5327,5030,1,5075,2655,2420,
CHINIOT,45,15497,7841,7653,3,10691,5318,5371,2,4806,2523,2282,1
CHINIOT,46,13412,7062,6350,,8785,4619,4166,,4627,2443,2184,
CHINIOT,47,12261,6381,5880,,8140,4156,3984,,4121,2225,1896,
CHINIOT,48,12731,6397,6332,2,8860,4431,4429,,3871,1966,1903,2
CHINIOT,49,11816,6086,5729,1,7880,4019,3861,,3936,2067,1868,1
CHINIOT,50,12541,6210,6330,1,8603,4215,4387,1,3938,1995,1943,
CHINIOT,51,10959,5842,5117,,7422,3965,3457,,3537,1877,1660,
CHINIOT,52,11627,6046,5578,3,7869,4149,3718,2,3758,1897,1860,1
CHINIOT,53,11782,5968,5814,,8271,4130,4141,,3511,1838,1673,
CHINIOT,54,10831,5700,5130,1,7396,3912,3483,1,3435,1788,1647,
CHINIOT,55,11116,6049,5065,2,7680,4209,3470,1,3436,1840,1595,1
CHINIOT,56,10042,5444,4596,2,6809,3738,3069,2,3233,1706,1527,
CHINIOT,57,9258,5010,4248,,6254,3370,2884,,3004,1640,1364,
CHINIOT,58,9128,4750,4378,,6441,3421,3020,,2687,1329,1358,
CHINIOT,59,7862,4276,3586,,5297,2898,2399,,2565,1378,1187,
CHINIOT,60,9924,5140,4783,1,7007,3616,3391,,2917,1524,1392,1
CHINIOT,61,7674,4146,3527,1,5218,2864,2354,,2456,1282,1173,1
CHINIOT,62,7160,3937,3223,,4923,2689,2234,,2237,1248,989,
CHINIOT,63,7744,3966,3778,,5612,2816,2796,,2132,1150,982,
CHINIOT,64,6539,3342,3196,1,4509,2280,2229,,2030,1062,967,1
CHINIOT,65,8388,3981,4406,1,6004,2848,3156,,2384,1133,1250,1
CHINIOT,66,5509,2948,2561,,3759,2012,1747,,1750,936,814,
CHINIOT,67,5089,2874,2215,,3530,2011,1519,,1559,863,696,
CHINIOT,68,4722,2687,2034,1,3335,1894,1441,,1387,793,593,1
CHINIOT,69,4524,2394,2130,,3188,1709,1479,,1336,685,651,
CHINIOT,70,6411,3311,3098,2,4733,2434,2298,1,1678,877,800,1
CHINIOT,71,3039,2254,785,,2204,1630,574,,835,624,211,
CHINIOT,72,3810,2040,1769,1,2757,1472,1284,1,1053,568,485,
CHINIOT,73,3976,2273,1703,,2975,1675,1300,,1001,598,403,
CHINIOT,74,3462,1811,1651,,2493,1290,1203,,969,521,448,
CHINIOT,75 & ABOVE,23013,12721,10291,1,17274,9541,7733,,5739,3180,2558,1
DERA GHAZI KHAN,ALL AGES,3386575,1709510,1676944,121,2581903,1302359,1279508,36,804672,407151,397436,85
DERA GHAZI KHAN,BELOW 1,87925,44459,43466,,69280,35211,34069,,18645,9248,9397,
DERA GHAZI KHAN,01,114363,57700,56663,,90057,45381,44676,,24306,12319,11987,
DERA GHAZI KHAN,02,132440,66162,66278,,105368,52661,52707,,27072,13501,13571,
DERA GHAZI KHAN,03,138921,70084,68837,,110475,55697,54778,,28446,14387,14059,
DERA GHAZI KHAN,04,150000,75885,74115,,118880,60117,58763,,31120,15768,15352,
DERA GHAZI KHAN,05,114609,57993,56616,,91626,46446,45180,,22983,11547,11436,
DERA GHAZI KHAN,06,113725,57286,56439,,91142,46051,45091,,22583,11235,11348,
DERA GHAZI KHAN,07,104728,52623,52105,,83027,41655,41372,,21701,10968,10733,
DERA GHAZI KHAN,08,107621,54340,53281,,86361,43590,42771,,21260,10750,10510,
DERA GHAZI KHAN,09,86790,44023,42767,,68123,34488,33635,,18667,9535,9132,
DERA GHAZI KHAN,10,99530,49629,49901,,78637,39187,39450,,20893,10442,10451,
DERA GHAZI KHAN,11,84114,43305,40809,,64298,33191,31107,,19816,10114,9702,
DERA GHAZI KHAN,12,88843,44859,43984,,69137,34986,34151,,19706,9873,9833,
DERA GHAZI KHAN,13,79567,40941,38626,,60087,31019,29068,,19480,9922,9558,
DERA GHAZI KHAN,14,79643,40531,39108,4,60542,30890,29649,3,19101,9641,9459,1
DERA GHAZI KHAN,15,70806,36604,34197,5,53304,27609,25691,4,17502,8995,8506,1
DERA GHAZI KHAN,16,68843,35985,32858,,52000,27107,24893,,16843,8878,7965,
DERA GHAZI KHAN,17,58330,29861,28467,2,42734,21916,20816,2,15596,7945,7651,
DERA GHAZI KHAN,18,66677,32475,34197,5,50836,24617,26218,1,15841,7858,7979,4
DERA GHAZI KHAN,19,57777,28882,28890,5,43051,21457,21594,,14726,7425,7296,5
DERA GHAZI KHAN,20,63580,30745,32825,10,48232,23160,25069,3,15348,7585,7756,7
DERA GHAZI KHAN,21,54635,27417,27213,5,40297,20242,20053,2,14338,7175,7160,3
DERA GHAZI KHAN,22,54813,27880,26926,7,41098,21035,20063,,13715,6845,6863,7
DERA GHAZI KHAN,23,51685,25400,26274,11,38578,18896,19682,,13107,6504,6592,11
DERA GHAZI KHAN,24,49139,24727,24406,6,36459,18496,17962,1,12680,6231,6444,5
DERA GHAZI KHAN,25,54552,28562,25981,9,41115,21713,19400,2,13437,6849,6581,7
DERA GHAZI KHAN,26,46446,23159,23283,4,34176,17167,17008,1,12270,5992,6275,3
DERA GHAZI KHAN,27,43411,21422,21984,5,31844,15765,16079,,11567,5657,5905,5
DERA GHAZI KHAN,28,44543,21109,23429,5,32927,15610,17315,2,11616,5499,6114,3
DERA GHAZI KHAN,29,38460,16981,21478,1,28417,12473,15944,,10043,4508,5534,1
DERA GHAZI KHAN,30,41006,20492,20512,2,30130,15265,14864,1,10876,5227,5648,1
DERA GHAZI KHAN,31,39102,18931,20170,1,28813,14005,14808,,10289,4926,5362,1
DERA GHAZI KHAN,32,35846,17456,18386,4,26057,12682,13374,1,9789,4774,5012,3
DERA GHAZI KHAN,33,40107,18634,21470,3,29657,13664,15992,1,10450,4970,5478,2
DERA GHAZI KHAN,34,35742,17195,18547,,26225,12647,13578,,9517,4548,4969,
DERA GHAZI KHAN,35,35514,17901,17610,3,25733,13006,12727,,9781,4895,4883,3
DERA GHAZI KHAN,36,34472,17667,16803,2,24664,12671,11992,1,9808,4996,4811,1
DERA GHAZI KHAN,37,33812,16815,16995,2,24863,12312,12550,1,8949,4503,4445,1
DERA GHAZI KHAN,38,36946,17618,19327,1,27170,12687,14482,1,9776,4931,4845,
DERA GHAZI KHAN,39,32861,16307,16554,,23876,11729,12147,,8985,4578,4407,
DERA GHAZI KHAN,40,31588,15616,15966,6,22863,11276,11583,4,8725,4340,4383,2
DERA GHAZI KHAN,41,33133,16451,16681,1,24632,12195,12437,,8501,4256,4244,1
DERA GHAZI KHAN,42,30215,15375,14840,,22100,11153,10947,,8115,4222,3893,
DERA GHAZI KHAN,43,35259,17947,17311,1,26576,13440,13136,,8683,4507,4175,1
DERA GHAZI KHAN,44,27500,14142,13357,1,19849,10141,9708,,7651,4001,3649,1
DERA GHAZI KHAN,45,25246,13343,11903,,18165,9616,8549,,7081,3727,3354,
DERA GHAZI KHAN,46,23979,12482,11497,,17062,8795,8267,,6917,3687,3230,
DERA GHAZI KHAN,47,20960,10806,10154,,15238,7710,7528,,5722,3096,2626,
DERA GHAZI KHAN,48,24310,11802,12508,,18223,8718,9505,,6087,3084,3003,
DERA GHAZI KHAN,49,20193,10594,9599,,14361,7479,6882,,5832,3115,2717,
DERA GHAZI KHAN,50,19208,9634,9572,2,13840,6839,7001,,5368,2795,2571,2
DERA GHAZI KHAN,51,18689,9659,9030,,13563,6979,6584,,5126,2680,2446,
DERA GHAZI KHAN,52,18139,9174,8963,2,13172,6605,6566,1,4967,2569,2397,1
DERA GHAZI KHAN,53,21721,10388,11333,,16322,7610,8712,,5399,2778,2621,
DERA GHAZI KHAN,54,17418,9217,8201,,12563,6580,5983,,4855,2637,2218,
DERA GHAZI KHAN,55,16780,9181,7598,1,12297,6747,5550,,4483,2434,2048,1
DERA GHAZI KHAN,56,16003,8804,7199,,11492,6328,5164,,4511,2476,2035,
DERA GHAZI KHAN,57,14337,7855,6482,,10451,5686,4765,,3886,2169,1717,
DERA GHAZI KHAN,58,15503,8084,7418,1,11637,6019,5617,1,3866,2065,1801,
DERA GHAZI KHAN,59,12445,6885,5560,,8812,4879,3933,,3633,2006,1627,
DERA GHAZI KHAN,60,14902,7890,7011,1,11035,5886,5148,1,3867,2004,1863,
DERA GHAZI KHAN,61,12135,6722,5412,1,8723,4824,3898,1,3412,1898,1514,
DERA GHAZI KHAN,62,10173,5649,4524,,7417,4102,3315,,2756,1547,1209,
DERA GHAZI KHAN,63,12428,6411,6017,,9222,4636,4586,,3206,1775,1431,
DERA GHAZI KHAN,64,9560,5004,4556,,6904,3592,3312,,2656,1412,1244,
DERA GHAZI KHAN,65,12359,5939,6420,,9220,4444,4776,,3139,1495,1644,
DERA GHAZI KHAN,66,8515,4442,4073,,6190,3211,2979,,2325,1231,1094,
DERA GHAZI KHAN,67,8244,4334,3910,,5972,3112,2860,,2272,1222,1050,
DERA GHAZI KHAN,68,8307,4135,4172,,6321,3084,3237,,1986,1051,935,
DERA GHAZI KHAN,69,7011,3486,3525,,5061,2526,2535,,1950,960,990,
DERA GHAZI KHAN,70,9654,5015,4638,1,7375,3836,3539,,2279,1179,1099,1
DERA GHAZI KHAN,71,5204,3559,1645,,3931,2687,1244,,1273,872,401,
DERA GHAZI KHAN,72,5987,3178,2809,,4633,2444,2189,,1354,734,620,
DERA GHAZI KHAN,73,6827,3747,3080,,5350,2893,2457,,1477,854,623,
DERA GHAZI KHAN,74,5371,2802,2569,,4028,2106,1922,,1343,696,647,
DERA GHAZI KHAN,75 & ABOVE,35348,19713,15634,1,28007,15680,12326,1,7341,4033,3308,
FAISALABAD,ALL AGES,9065306,4726182,4338162,962,4682740,2438955,2243493,292,4382566,2287227,2094669,670
FAISALABAD,BELOW 1,193174,100353,92821,,110605,57546,53059,,82569,42807,39762,
FAISALABAD,01,219980,114398,105582,,116381,60682,55699,,103599,53716,49883,
FAISALABAD,02,236040,122230,113810,,126447,65375,61072,,109593,56855,52738,
FAISALABAD,03,250890,129278,121612,,135956,70172,65784,,114934,59106,55828,
FAISALABAD,04,265348,137317,128031,,144324,74912,69412,,121024,62405,58619,
FAISALABAD,05,216667,111605,105062,,118722,61339,57383,,97945,50266,47679,
FAISALABAD,06,217784,111512,106272,,118471,60824,57647,,99313,50688,48625,
FAISALABAD,07,213778,109622,104156,,116683,59841,56842,,97095,49781,47314,
FAISALABAD,08,201872,103223,98649,,111177,57105,54072,,90695,46118,44577,
FAISALABAD,09,184581,94268,90313,,98967,50636,48331,,85614,43632,41982,
FAISALABAD,10,204603,107660,96943,,110657,58220,52437,,93946,49440,44506,
FAISALABAD,11,201822,105404,96418,,104954,54891,50063,,96868,50513,46355,
FAISALABAD,12,205720,108850,96870,,108009,57260,50749,,97711,51590,46121,
FAISALABAD,13,195985,102988,92997,,101163,53260,47903,,94822,49728,45094,
FAISALABAD,14,198657,104677,93953,27,103103,54226,48862,15,95554,50451,45091,12
FAISALABAD,15,183495,95903,87576,16,95184,49710,45466,8,88311,46193,42110,8
FAISALABAD,16,184886,97276,87601,9,96343,50576,45766,1,88543,46700,41835,8
FAISALABAD,17,179852,95324,84516,12,93064,49440,43617,7,86788,45884,40899,5
FAISALABAD,18,172314,91137,81139,38,89798,46933,42850,15,82516,44204,38289,23
FAISALABAD,19,167617,88026,79570,21,84112,44113,39992,7,83505,43913,39578,14
FAISALABAD,20,171507,89120,82350,37,87533,44917,42601,15,83974,44203,39749,22
FAISALABAD,21,169084,88068,81005,11,79648,41573,38075,,89436,46495,42930,11
FAISALABAD,22,178166,92210,85917,39,86332,44366,41958,8,91834,47844,43959,31
FAISALABAD,23,157787,81034,76720,33,74981,38698,36270,13,82806,42336,40450,20
FAISALABAD,24,162994,83298,79666,30,79109,40463,38640,6,83885,42835,41026,24
FAISALABAD,25,159532,84595,74890,47,83740,43821,39912,7,75792,40774,34978,40
FAISALABAD,26,164384,82734,81620,30,80144,40343,39792,9,84240,42391,41828,21
FAISALABAD,27,146988,75422,71540,26,72803,37619,35176,8,74185,37803,36364,18
FAISALABAD,28,146060,74296,71735,29,72594,37298,35289,7,73466,36998,36446,22
FAISALABAD,29,129863,61941,67910,12,64621,30820,33796,5,65242,31121,34114,7
FAISALABAD,30,138970,70561,68352,57,70685,35685,34990,10,68285,34876,33362,47
FAISALABAD,31,129557,65225,64327,5,64713,32514,32199,,64844,32711,32128,5
FAISALABAD,32,137901,69860,67995,46,66310,33584,32716,10,71591,36276,35279,36
FAISALABAD,33,123928,63156,60760,12,62116,31598,30517,1,61812,31558,30243,11
FAISALABAD,34,125014,62753,62250,11,62096,31321,30774,1,62918,31432,31476,10
FAISALABAD,35,120455,61755,58641,59,61550,31108,30425,17,58905,30647,28216,42
FAISALABAD,36,125938,64283,61627,28,60655,30958,29692,5,65283,33325,31935,23
FAISALABAD,37,116131,60044,56076,11,58216,29780,28432,4,57915,30264,27644,7
FAISALABAD,38,116271,60200,56053,18,56341,28822,27514,5,59930,31378,28539,13
FAISALABAD,39,114030,59063,54957,10,56537,29093,27441,3,57493,29970,27516,7
FAISALABAD,40,109400,56300,53054,46,53924,27512,26396,16,55476,28788,26658,30
FAISALABAD,41,102993,53271,49716,6,53516,28062,25453,1,49477,25209,24263,5
FAISALABAD,42,112662,58357,54290,15,55656,28819,26829,8,57006,29538,27461,7
FAISALABAD,43,99941,52562,47372,7,51056,26691,24361,4,48885,25871,23011,3
FAISALABAD,44,103327,54581,48738,8,51389,27049,24339,1,51938,27532,24399,7
FAISALABAD,45,90215,48152,42023,40,44646,23398,21235,13,45569,24754,20788,27
FAISALABAD,46,90083,48038,42038,7,43354,23056,20295,3,46729,24982,21743,4
FAISALABAD,47,80133,42679,37449,5,39857,20800,19055,2,40276,21879,18394,3
FAISALABAD,48,75883,39087,36783,13,37771,19236,18531,4,38112,19851,18252,9
FAISALABAD,49,74943,39455,35485,3,36754,19300,17453,1,38189,20155,18032,2
FAISALABAD,50,71704,36960,34714,30,35341,17874,17455,12,36363,19086,17259,18
FAISALABAD,51,66637,35160,31469,8,33280,17554,15724,2,33357,17606,15745,6
FAISALABAD,52,71402,37563,33835,4,35794,18551,17242,1,35608,19012,16593,3
FAISALABAD,53,63368,33507,29852,9,33257,17231,16023,3,30111,16276,13829,6
FAISALABAD,54,66855,35792,31060,3,33238,17870,15368,,33617,17922,15692,3
FAISALABAD,55,61556,33579,27960,17,31400,17119,14273,8,30156,16460,13687,9
FAISALABAD,56,60310,32750,27555,5,30268,16656,13611,1,30042,16094,13944,4
FAISALABAD,57,55130,30047,25077,6,28776,15623,13149,4,26354,14424,11928,2
FAISALABAD,58,52659,28405,24249,5,27747,14936,12811,,24912,13469,11438,5
FAISALABAD,59,49749,27296,22451,2,25486,14160,11325,1,24263,13136,11126,1
FAISALABAD,60,52897,28168,24717,12,27439,14587,12851,1,25458,13581,11866,11
FAISALABAD,61,47193,26158,21031,4,24366,13645,10719,2,22827,12513,10312,2
FAISALABAD,62,43553,24706,18843,4,22538,12687,9850,1,21015,12019,8993,3
FAISALABAD,63,40197,22377,17819,1,21319,11676,9643,,18878,10701,8176,1
FAISALABAD,64,39204,20942,18260,2,20310,10915,9394,1,18894,10027,8866,1
FAISALABAD,65,42874,21232,21632,10,22989,11266,11720,3,19885,9966,9912,7
FAISALABAD,66,33542,18715,14826,1,17904,10096,7808,,15638,8619,7018,1
FAISALABAD,67,29283,16969,12314,,15772,9149,6623,,13511,7820,5691,
FAISALABAD,68,24330,14544,9786,,13246,7809,5437,,11084,6735,4349,
FAISALABAD,69,24392,13310,11081,1,13091,7145,5945,1,11301,6165,5136,
FAISALABAD,70,29333,15524,13805,4,16331,8574,7753,4,13002,6950,6052,
FAISALABAD,71,16061,12082,3979,,9037,6708,2329,,7024,5374,1650,
FAISALABAD,72,18316,10291,8023,2,10481,5860,4621,,7835,4431,3402,2
FAISALABAD,73,15433,9349,6084,,8985,5339,3646,,6448,4010,2438,
FAISALABAD,74,15838,8463,7374,1,9020,4809,4210,1,6818,3654,3164,
FAISALABAD,75 & ABOVE,104285,59142,45136,7,62558,35751,26801,6,41727,23391,18335,1
GUJRANWALA,ALL AGES,5940173,3018895,2920741,537,2365418,1193507,1171757,154,3574755,1825388,1748984,383
GUJRANWALA,BELOW 1,146099,73723,72376,,63674,32101,31573,,82425,41622,40803,
GUJRANWALA,01,174508,87958,86550,,71115,35891,35224,,103393,52067,51326,
GUJRANWALA,02,194189,98046,96143,,77168,38945,38223,,117021,59101,57920,
GUJRANWALA,03,197002,98928,98074,,77073,38846,38227,,119929,60082,59847,
GUJRANWALA,04,211752,107916,103836,,80633,40605,40028,,131119,67311,63808,
GUJRANWALA,05,138729,70252,68477,,56372,28442,27930,,82357,41810,40547,
GUJRANWALA,06,142869,71701,71168,,57975,29278,28697,,84894,42423,42471,
GUJRANWALA,07,133811,66810,67001,,55624,27643,27981,,78187,39167,39020,
GUJRANWALA,08,135303,68231,67072,,54955,27628,27327,,80348,40603,39745,
GUJRANWALA,09,120013,60217,59796,,49393,24825,24568,,70620,35392,35228,
GUJRANWALA,10,142902,71556,71346,,56803,28354,28449,,86099,43202,42897,
GUJRANWALA,11,133994,67932,66062,,53825,27178,26647,,80169,40754,39415,
GUJRANWALA,12,141721,71992,69729,,55942,28269,27673,,85779,43723,42056,
GUJRANWALA,13,132737,66787,65950,,53144,26696,26448,,79593,40091,39502,
GUJRANWALA,14,134702,68464,66219,19,53429,27042,26380,7,81273,41422,39839,12
GUJRANWALA,15,125162,63402,61739,21,49220,24535,24676,9,75942,38867,37063,12
GUJRANWALA,16,124290,62817,61467,6,50215,25039,25175,1,74075,37778,36292,5
GUJRANWALA,17,115732,58093,57629,10,47295,23379,23912,4,68437,34714,33717,6
GUJRANWALA,18,119805,61272,58515,18,48137,24247,23886,4,71668,37025,34629,14
GUJRANWALA,19,111382,56589,54776,17,45493,22845,22644,4,65889,33744,32132,13
GUJRANWALA,20,112082,57224,54836,22,44839,22574,22259,6,67243,34650,32577,16
GUJRANWALA,21,106951,53853,53090,8,42526,21163,21361,2,64425,32690,31729,6
GUJRANWALA,22,112375,56121,56226,28,45058,22206,22844,8,67317,33915,33382,20
GUJRANWALA,23,97061,47918,49125,18,37989,18477,19503,9,59072,29441,29622,9
GUJRANWALA,24,101412,49475,51916,21,39861,19327,20529,5,61551,30148,31387,16
GUJRANWALA,25,101826,51995,49782,49,39191,19577,19599,15,62635,32418,30183,34
GUJRANWALA,26,102533,49666,52844,23,40039,19115,20916,8,62494,30551,31928,15
GUJRANWALA,27,89336,43619,45705,12,34531,16580,17949,2,54805,27039,27756,10
GUJRANWALA,28,95940,46192,49728,20,36538,17455,19079,4,59402,28737,30649,16
GUJRANWALA,29,78447,35553,42882,12,30628,13815,16810,3,47819,21738,26072,9
GUJRANWALA,30,93488,43883,49569,36,35380,16348,19026,6,58108,27535,30543,30
GUJRANWALA,31,78070,37670,40395,5,30400,14572,15828,,47670,23098,24567,5
GUJRANWALA,32,89875,43787,46076,12,33327,16110,17217,,56548,27677,28859,12
GUJRANWALA,33,72220,35373,36842,5,28682,13981,14699,2,43538,21392,22143,3
GUJRANWALA,34,73821,35623,38195,3,28979,14022,14955,2,44842,21601,23240,1
GUJRANWALA,35,79716,39910,39776,30,29466,14491,14968,7,50250,25419,24808,23
GUJRANWALA,36,78197,39197,38991,9,29277,14648,14629,,48920,24549,24362,9
GUJRANWALA,37,66958,34342,32610,6,26357,13381,12973,3,40601,20961,19637,3
GUJRANWALA,38,72885,37075,35801,9,26817,13365,13450,2,46068,23710,22351,7
GUJRANWALA,39,67243,33613,33627,3,25642,12521,13120,1,41601,21092,20507,2
GUJRANWALA,40,73940,37266,36650,24,26683,13103,13577,3,47257,24163,23073,21
GUJRANWALA,41,57047,28496,28550,1,23316,11661,11655,,33731,16835,16895,1
GUJRANWALA,42,68330,34755,33571,4,27087,13573,13513,1,41243,21182,20058,3
GUJRANWALA,43,55422,29155,26266,1,22640,11689,10951,,32782,17466,15315,1
GUJRANWALA,44,61844,32181,29661,2,24320,12496,11822,2,37524,19685,17839,
GUJRANWALA,45,61604,32580,29013,11,22393,11607,10781,5,39211,20973,18232,6
GUJRANWALA,46,53925,28424,25499,2,20874,10873,10000,1,33051,17551,15499,1
GUJRANWALA,47,46279,24609,21666,4,18858,9760,9095,3,27421,14849,12571,1
GUJRANWALA,48,46265,23792,22468,5,18366,9374,8991,1,27899,14418,13477,4
GUJRANWALA,49,46098,23917,22180,1,17781,9198,8583,,28317,14719,13597,1
GUJRANWALA,50,51006,26568,24424,14,18572,9430,9137,5,32434,17138,15287,9
GUJRANWALA,51,39672,20728,18943,1,15870,8331,7539,,23802,12397,11404,1
GUJRANWALA,52,41736,22358,19377,1,17140,8945,8195,,24596,13413,11182,1
GUJRANWALA,53,34600,18854,15745,1,14804,7909,6895,,19796,10945,8850,1
GUJRANWALA,54,40151,21285,18865,1,16241,8640,7601,,23910,12645,11264,1
GUJRANWALA,55,40746,21808,18930,8,15505,8209,7293,3,25241,13599,11637,5
GUJRANWALA,56,36898,19912,16983,3,14826,8104,6720,2,22072,11808,10263,1
GUJRANWALA,57,31576,17430,14145,1,13687,7564,6122,1,17889,9866,8023,
GUJRANWALA,58,29567,16158,13405,4,12957,7054,5901,2,16610,9104,7504,2
GUJRANWALA,59,29187,15796,13387,4,11968,6642,5324,2,17219,9154,8063,2
GUJRANWALA,60,36521,19810,16703,8,13961,7444,6516,1,22560,12366,10187,7
GUJRANWALA,61,27163,14804,12358,1,11012,6023,4988,1,16151,8781,7370,
GUJRANWALA,62,24667,14221,10444,2,10183,5805,4377,1,14484,8416,6067,1
GUJRANWALA,63,22091,12656,9434,1,9275,5234,4040,1,12816,7422,5394,
GUJRANWALA,64,24080,13176,10904,,9824,5356,4468,,14256,7820,6436,
GUJRANWALA,65,28722,14316,14402,4,11535,5681,5853,1,17187,8635,8549,3
GUJRANWALA,66,19504,11121,8383,,8089,4604,3485,,11415,6517,4898,
GUJRANWALA,67,16193,9546,6647,,6799,3983,2816,,9394,5563,3831,
GUJRANWALA,68,13593,8576,5016,1,5833,3563,2269,1,7760,5013,2747,
GUJRANWALA,69,14740,8282,6457,1,6023,3350,2673,,8717,4932,3784,1
GUJRANWALA,70,18967,10265,8702,,8195,4327,3868,,10772,5938,4834,
GUJRANWALA,71,8825,7094,1730,1,3886,3042,843,1,4939,4052,887,
GUJRANWALA,72,9610,5457,4153,,4211,2316,1895,,5399,3141,2258,
GUJRANWALA,73,8247,5283,2964,,3656,2198,1458,,4591,3085,1506,
GUJRANWALA,74,9503,5167,4336,,4220,2206,2014,,5283,2961,2322,
GUJRANWALA,75 & ABOVE,64716,38274,26439,3,31816,18697,13117,2,32900,19577,13322,1
GUJRAT,ALL AGES,3216000,1606601,1609209,190,1892820,934454,958324,42,1323180,672147,650885,148
GUJRAT,BELOW 1,60971,30448,30523,,37840,18825,19015,,23131,11623,11508,
GUJRAT,01,74176,37196,36980,,43755,21934,21821,,30421,15262,15159,
GUJRAT,02,79644,40298,39346,,47511,24019,23492,,32133,16279,15854,
GUJRAT,03,82188,40638,41550,,48531,24167,24364,,33657,16471,17186,
GUJRAT,04,81878,40330,41548,,48332,23689,24643,,33546,16641,16905,
GUJRAT,05,69636,34987,34649,,41059,20517,20542,,28577,14470,14107,
GUJRAT,06,70869,35321,35548,,41488,20804,20684,,29381,14517,14864,
GUJRAT,07,70428,35115,35313,,41544,20767,20777,,28884,14348,14536,
GUJRAT,08,64990,32355,32635,,38616,19278,19338,,26374,13077,13297,
GUJRAT,09,63046,31436,31610,,37457,18659,18798,,25589,12777,12812,
GUJRAT,10,67113,32871,34242,,39482,19221,20261,,27631,13650,13981,
GUJRAT,11,70757,35173,35584,,41610,20608,21002,,29147,14565,14582,
GUJRAT,12,72025,35729,36296,,42315,21016,21299,,29710,14713,14997,
GUJRAT,13,70315,35233,35082,,41378,20776,20602,,28937,14457,14480,
GUJRAT,14,70055,35269,34782,4,41137,20658,20478,1,28918,14611,14304,3
GUJRAT,15,62615,30909,31699,7,36986,18018,18965,3,25629,12891,12734,4
GUJRAT,16,62489,31672,30814,3,37054,18686,18366,2,25435,12986,12448,1
GUJRAT,17,63760,31778,31979,3,37825,18666,19157,2,25935,13112,12822,1
GUJRAT,18,58558,29474,29078,6,34705,17390,17313,2,23853,12084,11765,4
GUJRAT,19,60500,30111,30386,3,35701,17681,18020,,24799,12430,12366,3
GUJRAT,20,55528,27998,27524,6,33015,16561,16454,,22513,11437,11070,6
GUJRAT,21,59215,29019,30192,4,34684,16739,17944,1,24531,12280,12248,3
GUJRAT,22,59151,29117,30030,4,34925,17103,17822,,24226,12014,12208,4
GUJRAT,23,53779,25919,27857,3,30974,14766,16208,,22805,11153,11649,3
GUJRAT,24,55259,26916,28337,6,32016,15257,16759,,23243,11659,11578,6
GUJRAT,25,50641,26237,24398,6,29487,14964,14522,1,21154,11273,9876,5
GUJRAT,26,56642,26685,29952,5,32747,15110,17637,,23895,11575,12315,5
GUJRAT,27,51675,24723,26947,5,29750,13904,15845,1,21925,10819,11102,4
GUJRAT,28,50076,24429,25643,4,28740,13789,14950,1,21336,10640,10693,3
GUJRAT,29,46638,20843,25794,1,26540,11369,15171,,20098,9474,10623,1
GUJRAT,30,47688,23165,24520,3,27677,13331,14344,2,20011,9834,10176,1
GUJRAT,31,48670,23262,25405,3,27660,12658,15001,1,21010,10604,10404,2
GUJRAT,32,51767,25434,26329,4,29077,13702,15374,1,22690,11732,10955,3
GUJRAT,33,45438,22110,23323,5,25687,12026,13661,,19751,10084,9662,5
GUJRAT,34,47707,22806,24897,4,27249,12527,14721,1,20458,10279,10176,3
GUJRAT,35,42680,20468,22199,13,24562,11479,13081,2,18118,8989,9118,11
GUJRAT,36,50014,24442,25572,,28225,13193,15032,,21789,11249,10540,
GUJRAT,37,44139,21881,22254,4,24878,11903,12975,,19261,9978,9279,4
GUJRAT,38,43579,22458,21118,3,24473,12346,12126,1,19106,10112,8992,2
GUJRAT,39,43249,21491,21756,2,24468,11580,12888,,18781,9911,8868,2
GUJRAT,40,38334,19414,18902,18,21902,10924,10977,1,16432,8490,7925,17
GUJRAT,41,35580,16849,18730,1,20568,9451,11117,,15012,7398,7613,1
GUJRAT,42,39993,19604,20384,5,22931,11031,11898,2,17062,8573,8486,3
GUJRAT,43,34142,17204,16936,2,19513,9607,9906,,14629,7597,7030,2
GUJRAT,44,36879,18344,18534,1,21169,10298,10871,,15710,8046,7663,1
GUJRAT,45,31449,16382,15060,7,18070,9291,8779,,13379,7091,6281,7
GUJRAT,46,33241,16711,16529,1,19278,9519,9758,1,13963,7192,6771,
GUJRAT,47,28442,14431,14010,1,16248,8076,8171,1,12194,6355,5839,
GUJRAT,48,27145,14011,13133,1,16011,8174,7837,,11134,5837,5296,1
GUJRAT,49,27393,13695,13696,2,15828,7749,8079,,11565,5946,5617,2
GUJRAT,50,26929,13667,13257,5,15771,7934,7835,2,11158,5733,5422,3
GUJRAT,51,24600,12294,12303,3,14357,7039,7318,,10243,5255,4985,3
GUJRAT,52,26965,13781,13183,1,15843,8021,7821,1,11122,5760,5362,
GUJRAT,53,22573,11629,10943,1,13303,6775,6528,,9270,4854,4415,1
GUJRAT,54,25926,13002,12923,1,15369,7703,7666,,10557,5299,5257,1
GUJRAT,55,23530,12539,10985,6,13970,7393,6574,3,9560,5146,4411,3
GUJRAT,56,23940,12236,11700,4,14218,7207,7009,2,9722,5029,4691,2
GUJRAT,57,20735,10664,10070,1,12444,6314,6130,,8291,4350,3940,1
GUJRAT,58,19526,10130,9395,1,12014,6129,5884,1,7512,4001,3511,
GUJRAT,59,19322,9715,9606,1,11627,5783,5844,,7695,3932,3762,1
GUJRAT,60,21291,10894,10397,,12913,6539,6374,,8378,4355,4023,
GUJRAT,61,18420,9525,8894,1,11146,5704,5441,1,7274,3821,3453,
GUJRAT,62,17911,9600,8310,1,10769,5648,5121,,7142,3952,3189,1
GUJRAT,63,16323,8683,7636,4,10012,5242,4770,,6311,3441,2866,4
GUJRAT,64,17416,8868,8548,,10749,5347,5402,,6667,3521,3146,
GUJRAT,65,19146,9078,10067,1,11846,5541,6304,1,7300,3537,3763,
GUJRAT,66,15714,8625,7089,,9785,5359,4426,,5929,3266,2663,
GUJRAT,67,13580,7486,6093,1,8443,4587,3855,1,5137,2899,2238,
GUJRAT,68,11367,6787,4579,1,7177,4221,2956,,4190,2566,1623,1
GUJRAT,69,11686,6097,5588,1,7377,3788,3588,1,4309,2309,2000,
GUJRAT,70,13502,6865,6635,2,8575,4288,4286,1,4927,2577,2349,1
GUJRAT,71,7663,5657,2006,,4952,3573,1379,,2711,2084,627,
GUJRAT,72,9546,5175,4371,,6260,3334,2926,,3286,1841,1445,
GUJRAT,73,8236,4850,3386,,5413,3117,2296,,2823,1733,1090,
GUJRAT,74,8721,4587,4134,,5743,2984,2759,,2978,1603,1375,
GUJRAT,75 & ABOVE,59286,31776,27506,4,40066,21078,18987,1,19220,10698,8519,3
HAFIZABAD,ALL AGES,1319651,669900,649691,60,815517,414531,400966,20,504134,255369,248725,40
HAFIZABAD,BELOW 1,28927,14644,14283,,18207,9311,8896,,10720,5333,5387,
HAFIZABAD,01,33684,16988,16696,,20928,10656,10272,,12756,6332,6424,
HAFIZABAD,02,36210,18516,17694,,22347,11508,10839,,13863,7008,6855,
HAFIZABAD,03,37565,18634,18931,,23586,11654,11932,,13979,6980,6999,
HAFIZABAD,04,41675,20702,20973,,26156,13035,13121,,15519,7667,7852,
HAFIZABAD,05,31085,15562,15523,,19380,9708,9672,,11705,5854,5851,
HAFIZABAD,06,32424,16158,16266,,20361,10159,10202,,12063,5999,6064,
HAFIZABAD,07,31034,15538,15496,,19274,9672,9602,,11760,5866,5894,
HAFIZABAD,08,31350,15696,15654,,19921,9971,9950,,11429,5725,5704,
HAFIZABAD,09,27054,13730,13324,,16945,8651,8294,,10109,5079,5030,
HAFIZABAD,10,32474,16140,16334,,20434,10144,10290,,12040,5996,6044,
HAFIZABAD,11,29752,14910,14842,,18329,9181,9148,,11423,5729,5694,
HAFIZABAD,12,31848,15998,15850,,19567,9781,9786,,12281,6217,6064,
HAFIZABAD,13,29092,14728,14364,,17599,8969,8630,,11493,5759,5734,
HAFIZABAD,14,30299,15368,14929,2,18469,9354,9113,2,11830,6014,5816,
HAFIZABAD,15,27981,13805,14174,2,17220,8528,8692,,10761,5277,5482,2
HAFIZABAD,16,28244,14179,14064,1,17323,8732,8590,1,10921,5447,5474,
HAFIZABAD,17,26476,13503,12970,3,15990,8171,7817,2,10486,5332,5153,1
HAFIZABAD,18,27685,13938,13745,2,17156,8640,8514,2,10529,5298,5231,
HAFIZABAD,19,24431,12573,11856,2,14942,7722,7219,1,9489,4851,4637,1
HAFIZABAD,20,25671,12979,12690,2,15978,8076,7902,,9693,4903,4788,2
HAFIZABAD,21,22043,11138,10903,2,13227,6778,6449,,8816,4360,4454,2
HAFIZABAD,22,24790,12418,12371,1,14992,7552,7440,,9798,4866,4931,1
HAFIZABAD,23,20547,10167,10379,1,12220,6092,6128,,8327,4075,4251,1
HAFIZABAD,24,21649,10658,10991,,13026,6402,6624,,8623,4256,4367,
HAFIZABAD,25,24316,12379,11935,2,15151,7645,7506,,9165,4734,4429,2
HAFIZABAD,26,22299,10757,11542,,13343,6427,6916,,8956,4330,4626,
HAFIZABAD,27,19268,9512,9755,1,11651,5729,5922,,7617,3783,3833,1
HAFIZABAD,28,20966,10252,10712,2,12504,6103,6400,1,8462,4149,4312,1
HAFIZABAD,29,16321,7270,9051,,9866,4354,5512,,6455,2916,3539,
HAFIZABAD,30,21114,10035,11077,2,13000,6203,6796,1,8114,3832,4281,1
HAFIZABAD,31,16760,8122,8637,1,10183,4947,5236,,6577,3175,3401,1
HAFIZABAD,32,18941,9203,9734,4,11168,5459,5708,1,7773,3744,4026,3
HAFIZABAD,33,15825,7673,8151,1,9625,4663,4962,,6200,3010,3189,1
HAFIZABAD,34,16042,7625,8416,1,9523,4550,4972,1,6519,3075,3444,
HAFIZABAD,35,18930,9391,9535,4,11702,5726,5975,1,7228,3665,3560,3
HAFIZABAD,36,16376,8114,8260,2,9508,4722,4785,1,6868,3392,3475,1
HAFIZABAD,37,15019,7667,7351,1,9077,4572,4505,,5942,3095,2846,1
HAFIZABAD,38,16051,7910,8139,2,9457,4635,4821,1,6594,3275,3318,1
HAFIZABAD,39,15035,7430,7605,,9098,4460,4638,,5937,2970,2967,
HAFIZABAD,40,17047,8519,8525,3,10462,5205,5255,2,6585,3314,3270,1
HAFIZABAD,41,13585,6792,6793,,8448,4241,4207,,5137,2551,2586,
HAFIZABAD,42,14947,7788,7158,1,9063,4787,4276,,5884,3001,2882,1
HAFIZABAD,43,13823,7222,6597,4,8638,4469,4167,2,5185,2753,2430,2
HAFIZABAD,44,14143,7415,6728,,8686,4536,4150,,5457,2879,2578,
HAFIZABAD,45,14822,7713,7108,1,9126,4697,4429,,5696,3016,2679,1
HAFIZABAD,46,12343,6525,5818,,7500,3946,3554,,4843,2579,2264,
HAFIZABAD,47,10908,5845,5063,,6699,3525,3174,,4209,2320,1889,
HAFIZABAD,48,11204,5877,5326,1,6917,3645,3272,,4287,2232,2054,1
HAFIZABAD,49,10631,5581,5050,,6480,3369,3111,,4151,2212,1939,
HAFIZABAD,50,11784,5963,5820,1,7408,3754,3654,,4376,2209,2166,1
HAFIZABAD,51,9486,5039,4447,,5798,3072,2726,,3688,1967,1721,
HAFIZABAD,52,9610,5097,4511,2,5881,3094,2787,,3729,2003,1724,2
HAFIZABAD,53,8883,4785,4098,,5670,3033,2637,,3213,1752,1461,
HAFIZABAD,54,9280,4970,4309,1,5678,3068,2610,,3602,1902,1699,1
HAFIZABAD,55,9954,5324,4628,2,6254,3379,2874,1,3700,1945,1754,1
HAFIZABAD,56,8107,4407,3699,1,4951,2743,2208,,3156,1664,1491,1
HAFIZABAD,57,7359,4206,3153,,4600,2630,1970,,2759,1576,1183,
HAFIZABAD,58,7038,4018,3019,1,4375,2477,1898,,2663,1541,1121,1
HAFIZABAD,59,6717,3712,3005,,4114,2297,1817,,2603,1415,1188,
HAFIZABAD,60,8852,4755,4096,1,5629,2982,2647,,3223,1773,1449,1
HAFIZABAD,61,6363,3465,2898,,3960,2172,1788,,2403,1293,1110,
HAFIZABAD,62,5488,3095,2393,,3358,1904,1454,,2130,1191,939,
HAFIZABAD,63,5336,2922,2414,,3478,1880,1598,,1858,1042,816,
HAFIZABAD,64,5606,3037,2569,,3583,1912,1671,,2023,1125,898,
HAFIZABAD,65,7639,3764,3875,,5052,2476,2576,,2587,1288,1299,
HAFIZABAD,66,4544,2551,1993,,2888,1639,1249,,1656,912,744,
HAFIZABAD,67,3844,2276,1568,,2515,1483,1032,,1329,793,536,
HAFIZABAD,68,3518,2104,1414,,2310,1354,956,,1208,750,458,
HAFIZABAD,69,3811,2072,1739,,2485,1343,1142,,1326,729,597,
HAFIZABAD,70,5483,2950,2533,,3753,2022,1731,,1730,928,802,
HAFIZABAD,71,2379,1900,479,,1590,1266,324,,789,634,155,
HAFIZABAD,72,2659,1533,1126,,1780,1022,758,,879,511,368,
HAFIZABAD,73,2549,1575,974,,1750,1062,688,,799,513,286,
HAFIZABAD,74,2652,1475,1177,,1828,1017,811,,824,458,366,
HAFIZABAD,75 & ABOVE,20004,11618,8386,,14377,8388,5989,,5627,3230,2397,
JHANG,ALL AGES,3065639,1585616,1479771,252,2264713,1172367,1092267,79,800926,413249,387504,173
JHANG,BELOW 1,74492,39238,35254,,56066,29712,26354,,18426,9526,8900,
JHANG,01,77351,40330,37021,,58368,30276,28092,,18983,10054,8929,
JHANG,02,86230,44981,41249,,65986,34346,31640,,20244,10635,9609,
JHANG,03,94382,49052,45330,,72559,37794,34765,,21823,11258,10565,
JHANG,04,99549,51308,48241,,76774,39619,37155,,22775,11689,11086,
JHANG,05,83886,43221,40665,,64754,33582,31172,,19132,9639,9493,
JHANG,06,84059,43179,40880,,64586,33216,31370,,19473,9963,9510,
JHANG,07,83546,43017,40529,,63721,32771,30950,,19825,10246,9579,
JHANG,08,78448,40526,37922,,60220,31144,29076,,18228,9382,8846,
JHANG,09,75226,38982,36244,,57005,29561,27444,,18221,9421,8800,
JHANG,10,76681,40120,36561,,58376,30612,27764,,18305,9508,8797,
JHANG,11,77702,40560,37142,,58061,30286,27775,,19641,10274,9367,
JHANG,12,73423,39015,34408,,54762,29095,25667,,18661,9920,8741,
JHANG,13,70233,37391,32842,,51418,27481,23937,,18815,9910,8905,
JHANG,14,70349,37316,33030,3,51796,27547,24247,2,18553,9769,8783,1
JHANG,15,62498,33067,29424,7,45799,24353,21441,5,16699,8714,7983,2
JHANG,16,64239,34660,29575,4,46455,25004,21449,2,17784,9656,8126,2
JHANG,17,58931,31284,27646,1,42380,22442,19938,,16551,8842,7708,1
JHANG,18,61468,31434,30029,5,45564,23188,22375,1,15904,8246,7654,4
JHANG,19,56763,29609,27146,8,40909,21493,19415,1,15854,8116,7731,7
JHANG,20,56405,28382,28014,9,41585,20900,20684,1,14820,7482,7330,8
JHANG,21,50204,26156,24040,8,35680,18799,16879,2,14524,7357,7161,6
JHANG,22,52198,26813,25372,13,37682,19494,18186,2,14516,7319,7186,11
JHANG,23,46411,23837,22566,8,33306,17206,16098,2,13105,6631,6468,6
JHANG,24,46838,23980,22848,10,33418,17285,16132,1,13420,6695,6716,9
JHANG,25,49996,26013,23966,17,37153,19230,17918,5,12843,6783,6048,12
JHANG,26,46835,23236,23589,10,33391,16692,16697,2,13444,6544,6892,8
JHANG,27,42906,21467,21432,7,30613,15423,15189,1,12293,6044,6243,6
JHANG,28,43425,21795,21620,10,31345,15812,15532,1,12080,5983,6088,9
JHANG,29,39496,18429,21062,5,28257,13187,15070,,11239,5242,5992,5
JHANG,30,41760,21135,20601,24,30154,15313,14834,7,11606,5822,5767,17
JHANG,31,40547,20191,20354,2,28959,14455,14504,,11588,5736,5850,2
JHANG,32,40113,19727,20380,6,28320,13904,14413,3,11793,5823,5967,3
JHANG,33,40788,20055,20732,1,29400,14495,14904,1,11388,5560,5828,
JHANG,34,38927,19299,19627,1,27634,13723,13910,1,11293,5576,5717,
JHANG,35,37643,18752,18877,14,27397,13603,13792,2,10246,5149,5085,12
JHANG,36,37175,18691,18481,3,26004,13048,12955,1,11171,5643,5526,2
JHANG,37,37414,18673,18740,1,26829,13332,13497,,10585,5341,5243,1
JHANG,38,36858,18955,17900,3,26472,13554,12918,,10386,5401,4982,3
JHANG,39,34728,17586,17140,2,24658,12417,12241,,10070,5169,4899,2
JHANG,40,31962,15967,15978,17,23000,11425,11564,11,8962,4542,4414,6
JHANG,41,33764,17026,16735,3,24692,12477,12213,2,9072,4549,4522,1
JHANG,42,34974,17686,17282,6,24947,12631,12315,1,10027,5055,4967,5
JHANG,43,34962,17588,17370,4,25661,12729,12931,1,9301,4859,4439,3
JHANG,44,30898,16116,14780,2,22049,11413,10635,1,8849,4703,4145,1
JHANG,45,27004,13817,13180,7,19552,9785,9763,4,7452,4032,3417,3
JHANG,46,25858,13493,12365,,18276,9507,8769,,7582,3986,3596,
JHANG,47,24064,12288,11775,1,17318,8722,8595,1,6746,3566,3180,
JHANG,48,24468,12007,12460,1,18059,8783,9276,,6409,3224,3184,1
JHANG,49,22540,11656,10884,,16079,8252,7827,,6461,3404,3057,
JHANG,50,21896,10967,10928,1,15801,7879,7921,1,6095,3088,3007,
JHANG,51,21306,11068,10238,,15555,8049,7506,,5751,3019,2732,
JHANG,52,23003,11818,11184,1,16676,8585,8090,1,6327,3233,3094,
JHANG,53,23422,11664,11757,1,17490,8599,8891,,5932,3065,2866,1
JHANG,54,21602,11536,10066,,15490,8360,7130,,6112,3176,2936,
JHANG,55,19880,10876,9001,3,14586,7969,6615,2,5294,2907,2386,1
JHANG,56,19352,10665,8686,1,13899,7723,6175,1,5453,2942,2511,
JHANG,57,18759,9962,8796,1,13749,7317,6431,1,5010,2645,2365,
JHANG,58,18041,9387,8652,2,13496,7011,6484,1,4545,2376,2168,1
JHANG,59,15996,8699,7296,1,11589,6355,5234,,4407,2344,2062,1
JHANG,60,16744,8723,8018,3,12363,6413,5949,1,4381,2310,2069,2
JHANG,61,15416,8514,6902,,11276,6228,5048,,4140,2286,1854,
JHANG,62,13526,7513,6008,5,9905,5452,4451,2,3621,2061,1557,3
JHANG,63,13690,7222,6467,1,10295,5326,4969,,3395,1896,1498,1
JHANG,64,11547,6048,5499,,8351,4401,3950,,3196,1647,1549,
JHANG,65,14222,6777,7444,1,10707,5090,5616,1,3515,1687,1828,
JHANG,66,10862,5854,5008,,7824,4233,3591,,3038,1621,1417,
JHANG,67,10201,5615,4585,1,7589,4170,3418,1,2612,1445,1167,
JHANG,68,8850,4993,3857,,6660,3743,2917,,2190,1250,940,
JHANG,69,8672,4465,4207,,6546,3405,3141,,2126,1060,1066,
JHANG,70,10628,5470,5155,3,8091,4143,3947,1,2537,1327,1208,2
JHANG,71,6288,4436,1852,,4820,3383,1437,,1468,1053,415,
JHANG,72,7775,4300,3473,2,6149,3432,2716,1,1626,868,757,1
JHANG,73,7011,4002,3009,,5621,3210,2411,,1390,792,598,
JHANG,74,6176,3270,2906,,4717,2530,2187,,1459,740,719,
JHANG,75 & ABOVE,40157,22666,17489,2,32019,18243,13775,1,8138,4423,3714,1
JHELUM,ALL AGES,1366297,695983,670216,98,837927,425051,412859,17,528370,270932,257357,81
JHELUM,BELOW 1,22792,11703,11089,,14355,7363,6992,,8437,4340,4097,
JHELUM,01,29054,15031,14023,,18341,9516,8825,,10713,5515,5198,
JHELUM,02,31200,16014,15186,,19519,10052,9467,,11681,5962,5719,
JHELUM,03,32398,16507,15891,,20087,10251,9836,,12311,6256,6055,
JHELUM,04,31830,16223,15607,,19478,9897,9581,,12352,6326,6026,
JHELUM,05,28760,14556,14204,,17829,9040,8789,,10931,5516,5415,
JHELUM,06,28548,14451,14097,,17597,8954,8643,,10951,5497,5454,
JHELUM,07,28165,14180,13985,,17068,8657,8411,,11097,5523,5574,
JHELUM,08,26083,13173,12910,,16074,8071,8003,,10009,5102,4907,
JHELUM,09,26097,13193,12904,,15965,8090,7875,,10132,5103,5029,
JHELUM,10,25822,13458,12364,,15770,8188,7582,,10052,5270,4782,
JHELUM,11,29038,15149,13889,,17812,9280,8532,,11226,5869,5357,
JHELUM,12,28462,14969,13493,,16948,8840,8108,,11514,6129,5385,
JHELUM,13,28713,15244,13469,,17233,9111,8122,,11480,6133,5347,
JHELUM,14,28791,15298,13492,1,17183,9046,8136,1,11608,6252,5356,
JHELUM,15,25644,13357,12287,,15483,8066,7417,,10161,5291,4870,
JHELUM,16,25779,13683,12095,1,15563,8228,7334,1,10216,5455,4761,
JHELUM,17,26154,13787,12366,1,15876,8304,7572,,10278,5483,4794,1
JHELUM,18,23296,12233,11060,3,13926,7251,6673,2,9370,4982,4387,1
JHELUM,19,25369,13170,12198,1,15525,8053,7471,1,9844,5117,4727,
JHELUM,20,22109,11470,10639,,13473,6946,6527,,8636,4524,4112,
JHELUM,21,24870,12548,12319,3,15049,7493,7556,,9821,5055,4763,3
JHELUM,22,23803,12045,11755,3,14451,7260,7191,,9352,4785,4564,3
JHELUM,23,22384,11258,11125,1,13465,6743,6721,1,8919,4515,4404,
JHELUM,24,23324,11527,11796,1,14206,7000,7206,,9118,4527,4590,1
JHELUM,25,20735,11152,9577,6,12691,6801,5890,,8044,4351,3687,6
JHELUM,26,24210,11633,12574,3,14842,7061,7779,2,9368,4572,4795,1
JHELUM,27,22523,11014,11505,4,13926,6772,7154,,8597,4242,4351,4
JHELUM,28,21582,10752,10824,6,13142,6524,6618,,8440,4228,4206,6
JHELUM,29,21596,9937,11658,1,13308,6036,7272,,8288,3901,4386,1
JHELUM,30,19656,10094,9552,10,11815,6139,5676,,7841,3955,3876,10
JHELUM,31,22354,10816,11536,2,13794,6623,7171,,8560,4193,4365,2
JHELUM,32,22347,10882,11459,6,13472,6605,6866,1,8875,4277,4593,5
JHELUM,33,20524,9869,10652,3,12710,6046,6664,,7814,3823,3988,3
JHELUM,34,21069,10111,10958,,12881,6138,6743,,8188,3973,4215,
JHELUM,35,17612,8915,8691,6,10503,5325,5176,2,7109,3590,3515,4
JHELUM,36,21532,10480,11050,2,12891,6271,6620,,8641,4209,4430,2
JHELUM,37,19731,9858,9871,2,11819,5836,5983,,7912,4022,3888,2
JHELUM,38,19622,9976,9645,1,11547,5831,5715,1,8075,4145,3930,
JHELUM,39,19435,9613,9822,,11815,5791,6024,,7620,3822,3798,
JHELUM,40,16331,8280,8045,6,9558,4886,4670,2,6773,3394,3375,4
JHELUM,41,16883,8271,8612,,10570,5183,5387,,6313,3088,3225,
JHELUM,42,18500,9299,9200,1,11173,5604,5569,,7327,3695,3631,1
JHELUM,43,16189,8318,7869,2,9912,5009,4903,,6277,3309,2966,2
JHELUM,44,16961,8595,8366,,10380,5274,5106,,6581,3321,3260,
JHELUM,45,13450,7072,6374,4,7774,4131,3643,,5676,2941,2731,4
JHELUM,46,15380,7751,7628,1,9341,4671,4669,1,6039,3080,2959,
JHELUM,47,12849,6606,6243,,7586,3816,3770,,5263,2790,2473,
JHELUM,48,12746,6564,6181,1,7786,3941,3845,,4960,2623,2336,1
JHELUM,49,12635,6211,6423,1,7583,3722,3861,,5052,2489,2562,1
JHELUM,50,11365,5663,5698,4,6640,3319,3320,1,4725,2344,2378,3
JHELUM,51,11469,5712,5757,,6967,3454,3513,,4502,2258,2244,
JHELUM,52,12253,6300,5952,1,7457,3731,3726,,4796,2569,2226,1
JHELUM,53,10723,5549,5174,,6699,3357,3342,,4024,2192,1832,
JHELUM,54,12125,6057,6067,1,7467,3676,3791,,4658,2381,2276,1
JHELUM,55,10124,5396,4728,,6119,3320,2799,,4005,2076,1929,
JHELUM,56,10971,5415,5556,,6748,3284,3464,,4223,2131,2092,
JHELUM,57,9794,4911,4883,,6229,3104,3125,,3565,1807,1758,
JHELUM,58,9808,4998,4809,1,6409,3234,3175,,3399,1764,1634,1
JHELUM,59,9316,4731,4583,2,5884,2952,2931,1,3432,1779,1652,1
JHELUM,60,9146,4713,4433,,5597,2873,2724,,3549,1840,1709,
JHELUM,61,8724,4549,4175,,5546,2924,2622,,3178,1625,1553,
JHELUM,62,8589,4540,4048,1,5280,2757,2523,,3309,1783,1525,1
JHELUM,63,8282,4410,3871,1,5326,2805,2521,,2956,1605,1350,1
JHELUM,64,7973,4022,3950,1,5109,2542,2567,,2864,1480,1383,1
JHELUM,65,8029,3789,4238,2,4956,2342,2614,,3073,1447,1624,2
JHELUM,66,7115,3694,3421,,4552,2297,2255,,2563,1397,1166,
JHELUM,67,6312,3368,2944,,4059,2130,1929,,2253,1238,1015,
JHELUM,68,5574,3151,2423,,3627,2003,1624,,1947,1148,799,
JHELUM,69,5363,2810,2553,,3437,1789,1648,,1926,1021,905,
JHELUM,70,5695,2908,2786,1,3686,1878,1808,,2009,1030,978,1
JHELUM,71,3852,2600,1252,,2590,1710,880,,1262,890,372,
JHELUM,72,4561,2472,2089,,2957,1593,1364,,1604,879,725,
JHELUM,73,3945,2259,1686,,2625,1487,1138,,1320,772,548,
JHELUM,74,4167,2122,2045,,2777,1388,1389,,1390,734,656,
JHELUM,75 & ABOVE,26085,13548,12537,,18089,9366,8723,,7996,4182,3814,
KASUR,ALL AGES,4081568,2085912,1995257,399,2840199,1454358,1385702,139,1241369,631554,609555,260
KASUR,BELOW 1,108758,55399,53359,,75427,38332,37095,,33331,17067,16264,
KASUR,01,118533,59720,58813,,83803,42217,41586,,34730,17503,17227,
KASUR,02,131324,66281,65043,,92888,46775,46113,,38436,19506,18930,
KASUR,03,135352,67942,67410,,95620,47992,47628,,39732,19950,19782,
KASUR,04,139801,70267,69534,,99189,50019,49170,,40612,20248,20364,
KASUR,05,109187,55335,53852,,77831,39326,38505,,31356,16009,15347,
KASUR,06,108767,55054,53713,,77842,39535,38307,,30925,15519,15406,
KASUR,07,103762,51835,51927,,73752,36820,36932,,30010,15015,14995,
KASUR,08,102090,51046,51044,,73473,36837,36636,,28617,14209,14408,
KASUR,09,89414,44660,44754,,63291,31552,31739,,26123,13108,13015,
KASUR,10,101565,50985,50580,,72740,36461,36279,,28825,14524,14301,
KASUR,11,94634,47548,47086,,66612,33395,33217,,28022,14153,13869,
KASUR,12,97607,49543,48064,,69042,35076,33966,,28565,14467,14098,
KASUR,13,91596,46304,45292,,64003,32399,31604,,27593,13905,13688,
KASUR,14,92653,46739,45897,17,65259,32924,32328,7,27394,13815,13569,10
KASUR,15,85176,42611,42549,16,59933,29947,29978,8,25243,12664,12571,8
KASUR,16,87207,43466,43729,12,61497,30773,30720,4,25710,12693,13009,8
KASUR,17,82241,41660,40570,11,57864,29378,28482,4,24377,12282,12088,7
KASUR,18,81422,41608,39799,15,57139,29275,27860,4,24283,12333,11939,11
KASUR,19,74169,38136,36027,6,51589,26739,24849,1,22580,11397,11178,5
KASUR,20,78122,38623,39470,29,55324,27567,27743,14,22798,11056,11727,15
KASUR,21,67520,34536,32972,12,46499,23927,22569,3,21021,10609,10403,9
KASUR,22,74642,37355,37275,12,51695,26022,25670,3,22947,11333,11605,9
KASUR,23,63303,31894,31400,9,43436,22214,21221,1,19867,9680,10179,8
KASUR,24,66907,34185,32714,8,46126,23938,22186,2,20781,10247,10528,6
KASUR,25,72126,36765,35339,22,50277,25825,24445,7,21849,10940,10894,15
KASUR,26,68826,34903,33915,8,46841,24198,22641,2,21985,10705,11274,6
KASUR,27,60635,30751,29874,10,41182,21203,19977,2,19453,9548,9897,8
KASUR,28,64480,31760,32702,18,44440,22017,22417,6,20040,9743,10285,12
KASUR,29,53257,24868,28384,5,36722,17372,19349,1,16535,7496,9035,4
KASUR,30,61516,29235,32257,24,42128,20252,21868,8,19388,8983,10389,16
KASUR,31,53769,26771,26997,1,36678,18538,18140,,17091,8233,8857,1
KASUR,32,56749,27993,28744,12,38123,19073,19047,3,18626,8920,9697,9
KASUR,33,51711,25693,26014,4,35181,17611,17569,1,16530,8082,8445,3
KASUR,34,50707,25252,25451,4,34772,17433,17338,1,15935,7819,8113,3
KASUR,35,53064,27509,25536,19,35707,18671,17029,7,17357,8838,8507,12
KASUR,36,50683,26986,23686,11,33953,18252,15697,4,16730,8734,7989,7
KASUR,37,47909,25358,22546,5,32552,17265,15283,4,15357,8093,7263,1
KASUR,38,49639,25752,23884,3,33518,17335,16182,1,16121,8417,7702,2
KASUR,39,46316,24282,22027,7,30917,16213,14703,1,15399,8069,7324,6
KASUR,40,45974,24116,21838,20,30569,15981,14577,11,15405,8135,7261,9
KASUR,41,41237,21596,19639,2,28143,14818,13323,2,13094,6778,6316,
KASUR,42,45025,23917,21101,7,30505,16111,14394,,14520,7806,6707,7
KASUR,43,41677,22471,19202,4,28490,15303,13184,3,13187,7168,6018,1
KASUR,44,40896,22028,18864,4,28072,15095,12975,2,12824,6933,5889,2
KASUR,45,37498,20461,17023,14,24953,13541,11405,7,12545,6920,5618,7
KASUR,46,34755,19088,15664,3,23345,12791,10554,,11410,6297,5110,3
KASUR,47,31432,17050,14380,2,21359,11432,9926,1,10073,5618,4454,1
KASUR,48,32163,16392,15766,5,21609,10882,10726,1,10554,5510,5040,4
KASUR,49,28687,15470,13217,,19255,10369,8886,,9432,5101,4331,
KASUR,50,29682,15200,14476,6,19903,10056,9844,3,9779,5144,4632,3
KASUR,51,26134,14023,12110,1,17628,9455,8172,1,8506,4568,3938,
KASUR,52,28292,15035,13255,2,19401,10251,9150,,8891,4784,4105,2
KASUR,53,26129,13672,12456,1,17978,9401,8577,,8151,4271,3879,1
KASUR,54,25670,13588,12082,,17473,9242,8231,,8197,4346,3851,
KASUR,55,25403,13811,11584,8,17181,9325,7856,,8222,4486,3728,8
KASUR,56,23032,12516,10516,,15610,8496,7114,,7422,4020,3402,
KASUR,57,21596,11892,9703,1,15028,8205,6823,,6568,3687,2880,1
KASUR,58,20991,11251,9737,3,14565,7777,6786,2,6426,3474,2951,1
KASUR,59,18061,9885,8175,1,12255,6743,5511,1,5806,3142,2664,
KASUR,60,22126,11860,10264,2,15249,8155,7094,,6877,3705,3170,2
KASUR,61,17614,9726,7888,,12040,6652,5388,,5574,3074,2500,
KASUR,62,15951,8823,7128,,11089,6065,5024,,4862,2758,2104,
KASUR,63,15905,8577,7328,,11142,5895,5247,,4763,2682,2081,
KASUR,64,14763,7843,6920,,10177,5399,4778,,4586,2444,2142,
KASUR,65,18382,8906,9473,3,12700,6144,6555,1,5682,2762,2918,2
KASUR,66,12204,6732,5471,1,8433,4653,3779,1,3771,2079,1692,
KASUR,67,10558,5988,4570,,7352,4160,3192,,3206,1828,1378,
KASUR,68,9272,5333,3939,,6474,3722,2752,,2798,1611,1187,
KASUR,69,9286,4734,4552,,6388,3211,3177,,2898,1523,1375,
KASUR,70,13419,7000,6419,,9600,5015,4585,,3819,1985,1834,
KASUR,71,6087,4544,1543,,4398,3228,1170,,1689,1316,373,
KASUR,72,6616,3524,3091,1,4711,2495,2216,,1905,1029,875,1
KASUR,73,6569,3716,2853,,4698,2629,2069,,1871,1087,784,
KASUR,74,6758,3502,3254,2,4922,2558,2364,,1836,944,890,2
KASUR,75 & ABOVE,44585,25032,19547,6,32639,18405,14230,4,11946,6627,5317,2
KHANEWAL,ALL AGES,3363589,1734421,1628782,386,2646990,1367101,1279743,146,716599,367320,349039,240
KHANEWAL,BELOW 1,79144,41465,37679,,64169,33555,30614,,14975,7910,7065,
KHANEWAL,01,89064,46307,42757,,71847,37362,34485,,17217,8945,8272,
KHANEWAL,02,97318,50658,46660,,78676,41028,37648,,18642,9630,9012,
KHANEWAL,03,102541,53417,49124,,83059,43432,39627,,19482,9985,9497,
KHANEWAL,04,106812,55203,51609,,86738,44888,41850,,20074,10315,9759,
KHANEWAL,05,90195,46818,43377,,73239,38097,35142,,16956,8721,8235,
KHANEWAL,06,90717,46804,43913,,73018,37702,35316,,17699,9102,8597,
KHANEWAL,07,88305,45552,42753,,70729,36530,34199,,17576,9022,8554,
KHANEWAL,08,85064,44115,40949,,68888,35860,33028,,16176,8255,7921,
KHANEWAL,09,78281,40346,37935,,62499,32296,30203,,15782,8050,7732,
KHANEWAL,10,84814,44665,40149,,68184,35946,32238,,16630,8719,7911,
KHANEWAL,11,81853,42643,39210,,64444,33690,30754,,17409,8953,8456,
KHANEWAL,12,79985,42174,37811,,63357,33409,29948,,16628,8765,7863,
KHANEWAL,13,75745,40040,35705,,59146,31366,27780,,16599,8674,7925,
KHANEWAL,14,76072,40037,36025,10,59603,31525,28069,9,16469,8512,7956,1
KHANEWAL,15,70167,36835,33320,12,55087,28973,26106,8,15080,7862,7214,4
KHANEWAL,16,70120,37199,32914,7,55025,29187,25836,2,15095,8012,7078,5
KHANEWAL,17,64474,33762,30702,10,49846,26221,23621,4,14628,7541,7081,6
KHANEWAL,18,66581,34468,32104,9,52691,27290,25397,4,13890,7178,6707,5
KHANEWAL,19,61243,31478,29750,15,47675,24559,23112,4,13568,6919,6638,11
KHANEWAL,20,62491,31460,31015,16,49605,25003,24594,8,12886,6457,6421,8
KHANEWAL,21,55808,28280,27524,4,43039,21942,21096,1,12769,6338,6428,3
KHANEWAL,22,58667,29634,29014,19,45531,23036,22491,4,13136,6598,6523,15
KHANEWAL,23,51491,26127,25349,15,39601,20245,19350,6,11890,5882,5999,9
KHANEWAL,24,53864,27474,26378,12,41465,21256,20209,,12399,6218,6169,12
KHANEWAL,25,56817,29915,26875,27,45033,23756,21267,10,11784,6159,5608,17
KHANEWAL,26,53291,26377,26896,18,40772,20356,20405,11,12519,6021,6491,7
KHANEWAL,27,49586,24786,24793,7,37993,19135,18856,2,11593,5651,5937,5
KHANEWAL,28,49463,24702,24742,19,38320,19333,18983,4,11143,5369,5759,15
KHANEWAL,29,44089,20457,23624,8,33769,15676,18090,3,10320,4781,5534,5
KHANEWAL,30,47626,24199,23406,21,37455,19098,18350,7,10171,5101,5056,14
KHANEWAL,31,45465,22517,22945,3,35100,17342,17757,1,10365,5175,5188,2
KHANEWAL,32,45553,22304,23236,13,34888,17013,17873,2,10665,5291,5363,11
KHANEWAL,33,42980,21222,21749,9,32920,16200,16718,2,10060,5022,5031,7
KHANEWAL,34,44760,22142,22611,7,34732,17267,17464,1,10028,4875,5147,6
KHANEWAL,35,41986,21408,20559,19,32968,16903,16060,5,9018,4505,4499,14
KHANEWAL,36,43076,21605,21471,,32798,16500,16298,,10278,5105,5173,
KHANEWAL,37,42136,21143,20990,3,32572,16325,16246,1,9564,4818,4744,2
KHANEWAL,38,39967,20172,19781,14,30517,15380,15133,4,9450,4792,4648,10
KHANEWAL,39,38933,19484,19447,2,29808,14815,14992,1,9125,4669,4455,1
KHANEWAL,40,37268,18555,18690,23,29014,14426,14580,8,8254,4129,4110,15
KHANEWAL,41,37821,19227,18590,4,29533,15040,14491,2,8288,4187,4099,2
KHANEWAL,42,41711,20718,20988,5,32731,16265,16463,3,8980,4453,4525,2
KHANEWAL,43,36900,18908,17992,,28829,14760,14069,,8071,4148,3923,
KHANEWAL,44,37726,19372,18352,2,29538,15104,14432,2,8188,4268,3920,
KHANEWAL,45,30694,16231,14453,10,23878,12648,11227,3,6816,3583,3226,7
KHANEWAL,46,30971,16314,14656,1,23816,12592,11223,1,7155,3722,3433,
KHANEWAL,47,29786,15396,14389,1,23013,11853,11159,1,6773,3543,3230,
KHANEWAL,48,26992,13920,13068,4,20880,10770,10108,2,6112,3150,2960,2
KHANEWAL,49,25472,13368,12104,,19419,10195,9224,,6053,3173,2880,
KHANEWAL,50,23978,12157,11811,10,18492,9353,9134,5,5486,2804,2677,5
KHANEWAL,51,22993,12131,10862,,17575,9291,8284,,5418,2840,2578,
KHANEWAL,52,25547,12856,12691,,19822,9881,9941,,5725,2975,2750,
KHANEWAL,53,22679,11657,11020,2,17555,8944,8610,1,5124,2713,2410,1
KHANEWAL,54,22684,11782,10901,1,17291,8997,8293,1,5393,2785,2608,
KHANEWAL,55,20399,11019,9375,5,15886,8587,7296,3,4513,2432,2079,2
KHANEWAL,56,20256,10873,9381,2,15299,8233,7066,,4957,2640,2315,2
KHANEWAL,57,21112,11053,10058,1,16540,8596,7943,1,4572,2457,2115,
KHANEWAL,58,19093,10218,8873,2,14755,7923,6830,2,4338,2295,2043,
KHANEWAL,59,16733,9196,7537,,12719,6944,5775,,4014,2252,1762,
KHANEWAL,60,17543,9163,8377,3,13794,7219,6573,2,3749,1944,1804,1
KHANEWAL,61,15798,8613,7185,,12193,6659,5534,,3605,1954,1651,
KHANEWAL,62,15795,8593,7201,1,12403,6658,5744,1,3392,1935,1457,
KHANEWAL,63,14469,7765,6702,2,11264,5962,5301,1,3205,1803,1401,1
KHANEWAL,64,13300,6823,6477,,10421,5349,5072,,2879,1474,1405,
KHANEWAL,65,15157,7160,7994,3,12048,5640,6407,1,3109,1520,1587,2
KHANEWAL,66,11657,6192,5465,,9056,4789,4267,,2601,1403,1198,
KHANEWAL,67,10884,5760,5124,,8621,4538,4083,,2263,1222,1041,
KHANEWAL,68,9182,4991,4190,1,7183,3901,3282,,1999,1090,908,1
KHANEWAL,69,9069,4546,4523,,7191,3609,3582,,1878,937,941,
KHANEWAL,70,11096,5626,5468,2,8943,4532,4410,1,2153,1094,1058,1
KHANEWAL,71,6092,4288,1804,,4895,3440,1455,,1197,848,349,
KHANEWAL,72,7507,3952,3555,,6097,3201,2896,,1410,751,659,
KHANEWAL,73,5964,3418,2546,,4852,2770,2082,,1112,648,464,
KHANEWAL,74,6151,3128,3023,,5002,2562,2440,,1149,566,583,
KHANEWAL,75 & ABOVE,36566,20058,16506,2,29636,16373,13262,1,6930,3685,3244,1
KHUSHAB,ALL AGES,1500835,768006,732780,49,1082124,552375,529733,16,418711,215631,203047,33
KHUSHAB,BELOW 1,34980,18264,16716,,25394,13158,12236,,9586,5106,4480,
KHUSHAB,01,37673,20019,17654,,26382,13960,12422,,11291,6059,5232,
KHUSHAB,02,43516,23211,20305,,30730,16271,14459,,12786,6940,5846,
KHUSHAB,03,44903,23829,21074,,31840,16680,15160,,13063,7149,5914,
KHUSHAB,04,46152,24474,21678,,33070,17253,15817,,13082,7221,5861,
KHUSHAB,05,35113,18166,16947,,25574,13183,12391,,9539,4983,4556,
KHUSHAB,06,33996,17710,16286,,24643,12830,11813,,9353,4880,4473,
KHUSHAB,07,32818,16655,16163,,23776,11976,11800,,9042,4679,4363,
KHUSHAB,08,32147,16548,15599,,23529,12051,11478,,8618,4497,4121,
KHUSHAB,09,30230,15437,14793,,21975,11174,10801,,8255,4263,3992,
KHUSHAB,10,31904,16630,15274,,23262,12056,11206,,8642,4574,4068,
KHUSHAB,11,32097,16671,15426,,23074,11918,11156,,9023,4753,4270,
KHUSHAB,12,31760,16868,14892,,22930,12132,10798,,8830,4736,4094,
KHUSHAB,13,31069,16652,14417,,22219,11925,10294,,8850,4727,4123,
KHUSHAB,14,31639,16872,14766,1,22841,12122,10718,1,8798,4750,4048,
KHUSHAB,15,29104,15422,13681,1,20966,11119,9846,1,8138,4303,3835,
KHUSHAB,16,29356,15749,13606,1,21054,11268,9785,1,8302,4481,3821,
KHUSHAB,17,28685,14913,13772,,20429,10643,9786,,8256,4270,3986,
KHUSHAB,18,26557,13545,13011,1,19240,9791,9449,,7317,3754,3562,1
KHUSHAB,19,26301,13416,12884,1,18571,9459,9112,,7730,3957,3772,1
KHUSHAB,20,25803,13096,12705,2,18741,9509,9232,,7062,3587,3473,2
KHUSHAB,21,25357,12806,12550,1,17918,9046,8871,1,7439,3760,3679,
KHUSHAB,22,25474,12874,12595,5,18370,9350,9018,2,7104,3524,3577,3
KHUSHAB,23,24041,12010,12030,1,17145,8568,8577,,6896,3442,3453,1
KHUSHAB,24,25021,12562,12458,1,17840,8984,8856,,7181,3578,3602,1
KHUSHAB,25,23280,12169,11106,5,16837,8746,8091,,6443,3423,3015,5
KHUSHAB,26,24937,11945,12991,1,17687,8490,9197,,7250,3455,3794,1
KHUSHAB,27,23071,11130,11940,1,16406,7958,8448,,6665,3172,3492,1
KHUSHAB,28,23401,11751,11647,3,16997,8574,8422,1,6404,3177,3225,2
KHUSHAB,29,22130,10339,11790,1,15852,7481,8371,,6278,2858,3419,1
KHUSHAB,30,20533,10350,10181,2,14681,7444,7237,,5852,2906,2944,2
KHUSHAB,31,21716,10367,11346,3,15371,7353,8017,1,6345,3014,3329,2
KHUSHAB,32,21308,10091,11217,,15364,7279,8085,,5944,2812,3132,
KHUSHAB,33,21057,10235,10822,,15077,7330,7747,,5980,2905,3075,
KHUSHAB,34,21766,10334,11429,3,15743,7515,8228,,6023,2819,3201,3
KHUSHAB,35,17486,8478,9006,2,12480,5987,6492,1,5006,2491,2514,1
KHUSHAB,36,20574,9909,10664,1,14592,7025,7567,,5982,2884,3097,1
KHUSHAB,37,18524,8924,9599,1,13126,6277,6849,,5398,2647,2750,1
KHUSHAB,38,19092,9463,9629,,13664,6747,6917,,5428,2716,2712,
KHUSHAB,39,19272,9702,9569,1,13806,6956,6849,1,5466,2746,2720,
KHUSHAB,40,16690,8354,8336,,11920,5955,5965,,4770,2399,2371,
KHUSHAB,41,17512,8588,8924,,12732,6289,6443,,4780,2299,2481,
KHUSHAB,42,18827,9047,9779,1,13696,6568,7127,1,5131,2479,2652,
KHUSHAB,43,16573,8262,8311,,12016,5950,6066,,4557,2312,2245,
KHUSHAB,44,16824,8468,8354,2,12142,6103,6038,1,4682,2365,2316,1
KHUSHAB,45,13432,6822,6608,2,9666,4861,4805,,3766,1961,1803,2
KHUSHAB,46,14900,7648,7251,1,10669,5503,5165,1,4231,2145,2086,
KHUSHAB,47,12735,6394,6341,,9166,4575,4591,,3569,1819,1750,
KHUSHAB,48,12953,6373,6580,,9397,4579,4818,,3556,1794,1762,
KHUSHAB,49,12824,6367,6456,1,9241,4542,4698,1,3583,1825,1758,
KHUSHAB,50,11691,5739,5951,1,8400,4066,4334,,3291,1673,1617,1
KHUSHAB,51,12095,6152,5943,,8770,4427,4343,,3325,1725,1600,
KHUSHAB,52,13091,6562,6529,,9523,4748,4775,,3568,1814,1754,
KHUSHAB,53,11689,5825,5863,1,8542,4227,4314,1,3147,1598,1549,
KHUSHAB,54,12302,6228,6074,,8853,4477,4376,,3449,1751,1698,
KHUSHAB,55,10250,5483,4767,,7441,4004,3437,,2809,1479,1330,
KHUSHAB,56,11609,6003,5606,,8384,4375,4009,,3225,1628,1597,
KHUSHAB,57,11056,5768,5288,,8084,4189,3895,,2972,1579,1393,
KHUSHAB,58,10752,5641,5111,,7883,4114,3769,,2869,1527,1342,
KHUSHAB,59,9491,4992,4499,,6962,3658,3304,,2529,1334,1195,
KHUSHAB,60,9150,4898,4251,1,6639,3541,3097,1,2511,1357,1154,
KHUSHAB,61,8819,4724,4095,,6417,3436,2981,,2402,1288,1114,
KHUSHAB,62,8062,4407,3655,,5938,3213,2725,,2124,1194,930,
KHUSHAB,63,7759,4185,3574,,5694,3030,2664,,2065,1155,910,
KHUSHAB,64,7645,4036,3609,,5608,2960,2648,,2037,1076,961,
KHUSHAB,65,7593,3582,4011,,5641,2679,2962,,1952,903,1049,
KHUSHAB,66,6627,3474,3153,,4886,2568,2318,,1741,906,835,
KHUSHAB,67,5825,3102,2723,,4310,2311,1999,,1515,791,724,
KHUSHAB,68,5482,2980,2502,,4010,2151,1859,,1472,829,643,
KHUSHAB,69,5237,2638,2599,,3808,1909,1899,,1429,729,700,
KHUSHAB,70,5914,2950,2964,,4489,2233,2256,,1425,717,708,
KHUSHAB,71,3523,2368,1155,,2740,1827,913,,783,541,242,
KHUSHAB,72,4553,2458,2095,,3474,1888,1586,,1079,570,509,
KHUSHAB,73,4210,2326,1884,,3185,1747,1438,,1025,579,446,
KHUSHAB,74,4025,2003,2022,,3064,1521,1543,,961,482,479,
KHUSHAB,75 & ABOVE,25272,13573,11699,,19538,10563,8975,,5734,3010,2724,
LAHORE,ALL AGES,12978661,6869574,6105711,3376,,,,,12978661,6869574,6105711,3376
LAHORE,BELOW 1,253672,130775,122897,,,,,,253672,130775,122897,
LAHORE,01,345071,179606,165465,,,,,,345071,179606,165465,
LAHORE,02,393988,204889,189099,,,,,,393988,204889,189099,
LAHORE,03,407007,209715,197292,,,,,,407007,209715,197292,
LAHORE,04,427898,224207,203691,,,,,,427898,224207,203691,
LAHORE,05,305728,157509,148219,,,,,,305728,157509,148219,
LAHORE,06,299821,153765,146056,,,,,,299821,153765,146056,
LAHORE,07,273351,140383,132968,,,,,,273351,140383,132968,
LAHORE,08,281505,144643,136862,,,,,,281505,144643,136862,
LAHORE,09,243949,124856,119093,,,,,,243949,124856,119093,
LAHORE,10,297478,156900,140578,,,,,,297478,156900,140578,
LAHORE,11,272468,142361,130107,,,,,,272468,142361,130107,
LAHORE,12,296953,157854,139099,,,,,,296953,157854,139099,
LAHORE,13,273873,143632,130241,,,,,,273873,143632,130241,
LAHORE,14,277671,147397,130180,94,,,,,277671,147397,130180,94
LAHORE,15,267226,140963,126206,57,,,,,267226,140963,126206,57
LAHORE,16,257745,138231,119464,50,,,,,257745,138231,119464,50
LAHORE,17,238215,127633,110544,38,,,,,238215,127633,110544,38
LAHORE,18,251917,136850,114999,68,,,,,251917,136850,114999,68
LAHORE,19,235237,125735,109432,70,,,,,235237,125735,109432,70
LAHORE,20,244895,129649,115132,114,,,,,244895,129649,115132,114
LAHORE,21,237420,124277,113059,84,,,,,237420,124277,113059,84
LAHORE,22,246802,129424,117241,137,,,,,246802,129424,117241,137
LAHORE,23,231119,122334,108673,112,,,,,231119,122334,108673,112
LAHORE,24,227453,119226,108134,93,,,,,227453,119226,108134,93
LAHORE,25,247880,137407,110211,262,,,,,247880,137407,110211,262
LAHORE,26,238778,123539,115136,103,,,,,238778,123539,115136,103
LAHORE,27,206372,107101,99198,73,,,,,206372,107101,99198,73
LAHORE,28,229046,117029,111830,187,,,,,229046,117029,111830,187
LAHORE,29,192909,93101,99718,90,,,,,192909,93101,99718,90
LAHORE,30,225314,115698,109400,216,,,,,225314,115698,109400,216
LAHORE,31,182855,93282,89536,37,,,,,182855,93282,89536,37
LAHORE,32,214593,111366,103094,133,,,,,214593,111366,103094,133
LAHORE,33,169753,87826,81847,80,,,,,169753,87826,81847,80
LAHORE,34,170171,85246,84879,46,,,,,170171,85246,84879,46
LAHORE,35,196962,104098,92591,273,,,,,196962,104098,92591,273
LAHORE,36,196759,103867,92785,107,,,,,196759,103867,92785,107
LAHORE,37,154049,82180,71835,34,,,,,154049,82180,71835,34
LAHORE,38,181503,95901,85524,78,,,,,181503,95901,85524,78
LAHORE,39,168509,89344,79118,47,,,,,168509,89344,79118,47
LAHORE,40,180155,95821,84180,154,,,,,180155,95821,84180,154
LAHORE,41,131242,68248,62976,18,,,,,131242,68248,62976,18
LAHORE,42,154251,83265,70930,56,,,,,154251,83265,70930,56
LAHORE,43,126368,69891,56450,27,,,,,126368,69891,56450,27
LAHORE,44,137840,74730,63090,20,,,,,137840,74730,63090,20
LAHORE,45,151822,85286,66434,102,,,,,151822,85286,66434,102
LAHORE,46,128544,70028,58501,15,,,,,128544,70028,58501,15
LAHORE,47,103216,58754,44448,14,,,,,103216,58754,44448,14
LAHORE,48,108723,58331,50369,23,,,,,108723,58331,50369,23
LAHORE,49,111846,60198,51640,8,,,,,111846,60198,51640,8
LAHORE,50,118084,63628,54388,68,,,,,118084,63628,54388,68
LAHORE,51,91146,49380,41756,10,,,,,91146,49380,41756,10
LAHORE,52,92531,52006,40505,20,,,,,92531,52006,40505,20
LAHORE,53,75312,42816,32487,9,,,,,75312,42816,32487,9
LAHORE,54,88578,47293,41278,7,,,,,88578,47293,41278,7
LAHORE,55,91904,50505,41360,39,,,,,91904,50505,41360,39
LAHORE,56,82040,44178,37852,10,,,,,82040,44178,37852,10
LAHORE,57,63824,35298,28521,5,,,,,63824,35298,28521,5
LAHORE,58,62714,34291,28412,11,,,,,62714,34291,28412,11
LAHORE,59,63884,34229,29651,4,,,,,63884,34229,29651,4
LAHORE,60,80825,44062,36742,21,,,,,80825,44062,36742,21
LAHORE,61,59847,32527,27316,4,,,,,59847,32527,27316,4
LAHORE,62,55285,32648,22633,4,,,,,55285,32648,22633,4
LAHORE,63,51730,30590,21134,6,,,,,51730,30590,21134,6
LAHORE,64,52709,28731,23978,,,,,,52709,28731,23978,
LAHORE,65,64224,32219,31996,9,,,,,64224,32219,31996,9
LAHORE,66,41585,23459,18121,5,,,,,41585,23459,18121,5
LAHORE,67,35036,20761,14275,,,,,,35036,20761,14275,
LAHORE,68,30950,19317,11631,2,,,,,30950,19317,11631,2
LAHORE,69,34261,19072,15186,3,,,,,34261,19072,15186,3
LAHORE,70,40827,22343,18477,7,,,,,40827,22343,18477,7
LAHORE,71,19684,15929,3754,1,,,,,19684,15929,3754,1
LAHORE,72,22764,13529,9235,,,,,,22764,13529,9235,
LAHORE,73,19000,12725,6275,,,,,,19000,12725,6275,
LAHORE,74,20958,11744,9213,1,,,,,20958,11744,9213,1
LAHORE,75 & ABOVE,121037,71943,49084,10,,,,,121037,71943,49084,10
LAYYAH,ALL AGES,2102361,1082910,1019362,89,1716092,885141,830916,35,386269,197769,188446,54
LAYYAH,BELOW 1,65263,33947,31316,,55403,28705,26698,,9860,5242,4618,
LAYYAH,01,61042,32209,28833,,51040,26902,24138,,10002,5307,4695,
LAYYAH,02,66465,34624,31841,,55763,29131,26632,,10702,5493,5209,
LAYYAH,03,67872,35426,32446,,56739,29662,27077,,11133,5764,5369,
LAYYAH,04,70200,36076,34124,,59169,30434,28735,,11031,5642,5389,
LAYYAH,05,57605,29531,28074,,48087,24648,23439,,9518,4883,4635,
LAYYAH,06,57609,29320,28289,,48050,24448,23602,,9559,4872,4687,
LAYYAH,07,56450,28901,27549,,46946,24076,22870,,9504,4825,4679,
LAYYAH,08,51472,26141,25331,,42887,21828,21059,,8585,4313,4272,
LAYYAH,09,50744,25905,24839,,42076,21532,20544,,8668,4373,4295,
LAYYAH,10,51111,26472,24639,,42330,21863,20467,,8781,4609,4172,
LAYYAH,11,55088,28494,26594,,45471,23525,21946,,9617,4969,4648,
LAYYAH,12,48364,24987,23377,,39832,20532,19300,,8532,4455,4077,
LAYYAH,13,50574,26461,24113,,41606,21758,19848,,8968,4703,4265,
LAYYAH,14,49628,25987,23641,,40950,21483,19467,,8678,4504,4174,
LAYYAH,15,44483,23069,21413,1,36606,19005,17600,1,7877,4064,3813,
LAYYAH,16,44572,23773,20798,1,36578,19552,17026,,7994,4221,3772,1
LAYYAH,17,42362,22044,20317,1,34746,18091,16655,,7616,3953,3662,1
LAYYAH,18,39663,20319,19344,,32516,16683,15833,,7147,3636,3511,
LAYYAH,19,39522,20341,19180,1,32319,16666,15653,,7203,3675,3527,1
LAYYAH,20,37065,18771,18290,4,30257,15347,14909,1,6808,3424,3381,3
LAYYAH,21,36837,18829,18007,1,29749,15319,14430,,7088,3510,3577,1
LAYYAH,22,34231,17580,16646,5,27580,14172,13404,4,6651,3408,3242,1
LAYYAH,23,33519,17037,16479,3,27189,13898,13291,,6330,3139,3188,3
LAYYAH,24,34788,17663,17123,2,28198,14473,13725,,6590,3190,3398,2
LAYYAH,25,31423,16670,14749,4,25515,13551,11963,1,5908,3119,2786,3
LAYYAH,26,33526,16525,17000,1,26815,13291,13524,,6711,3234,3476,1
LAYYAH,27,32599,16467,16126,6,26518,13488,13028,2,6081,2979,3098,4
LAYYAH,28,29764,15101,14657,6,23952,12274,11676,2,5812,2827,2981,4
LAYYAH,29,31000,14948,16047,5,25224,12275,12946,3,5776,2673,3101,2
LAYYAH,30,25593,13502,12085,6,20526,10943,9581,2,5067,2559,2504,4
LAYYAH,31,30437,15200,15235,2,24667,12414,12251,2,5770,2786,2984,
LAYYAH,32,28117,13877,14239,1,22293,11003,11290,,5824,2874,2949,1
LAYYAH,33,28541,14037,14503,1,23080,11350,11729,1,5461,2687,2774,
LAYYAH,34,28405,14299,14106,,22767,11516,11251,,5638,2783,2855,
LAYYAH,35,21132,10866,10261,5,16806,8666,8139,1,4326,2200,2122,4
LAYYAH,36,24677,12546,12131,,19292,9854,9438,,5385,2692,2693,
LAYYAH,37,25206,12459,12747,,20220,9968,10252,,4986,2491,2495,
LAYYAH,38,22875,11286,11586,3,18044,8873,9170,1,4831,2413,2416,2
LAYYAH,39,21816,10883,10933,,17242,8647,8595,,4574,2236,2338,
LAYYAH,40,18978,9488,9481,9,14874,7418,7450,6,4104,2070,2031,3
LAYYAH,41,24466,12272,12194,,19930,9976,9954,,4536,2296,2240,
LAYYAH,42,25742,12509,13229,4,20852,10133,10717,2,4890,2376,2512,2
LAYYAH,43,24233,11783,12450,,19644,9539,10105,,4589,2244,2345,
LAYYAH,44,21002,10782,10219,1,16619,8491,8128,,4383,2291,2091,1
LAYYAH,45,14846,7770,7074,2,11516,6008,5506,2,3330,1762,1568,
LAYYAH,46,16912,8810,8101,1,13105,6852,6253,,3807,1958,1848,1
LAYYAH,47,17417,8766,8651,,13855,6919,6936,,3562,1847,1715,
LAYYAH,48,16453,8081,8371,1,13218,6488,6730,,3235,1593,1641,1
LAYYAH,49,14283,7601,6681,1,11204,5980,5224,,3079,1621,1457,1
LAYYAH,50,12275,6290,5983,2,9558,4872,4685,1,2717,1418,1298,1
LAYYAH,51,14243,7630,6612,1,11363,6109,5254,,2880,1521,1358,1
LAYYAH,52,16159,7932,8226,1,12996,6333,6662,1,3163,1599,1564,
LAYYAH,53,15723,7763,7959,1,12673,6219,6454,,3050,1544,1505,1
LAYYAH,54,14044,7606,6438,,11103,6059,5044,,2941,1547,1394,
LAYYAH,55,11005,6271,4731,3,8633,4938,3694,1,2372,1333,1037,2
LAYYAH,56,12461,7076,5385,,9732,5562,4170,,2729,1514,1215,
LAYYAH,57,13026,6938,6088,,10416,5493,4923,,2610,1445,1165,
LAYYAH,58,11896,6306,5590,,9529,5039,4490,,2367,1267,1100,
LAYYAH,59,9930,5723,4207,,7816,4528,3288,,2114,1195,919,
LAYYAH,60,9109,5022,4086,1,7173,4004,3169,,1936,1018,917,1
LAYYAH,61,9115,5238,3877,,7099,4128,2971,,2016,1110,906,
LAYYAH,62,8361,4616,3745,,6545,3565,2980,,1816,1051,765,
LAYYAH,63,8135,4392,3742,1,6462,3485,2976,1,1673,907,766,
LAYYAH,64,7044,3819,3225,,5500,2971,2529,,1544,848,696,
LAYYAH,65,7207,3512,3695,,5683,2772,2911,,1524,740,784,
LAYYAH,66,6432,3504,2928,,5074,2762,2312,,1358,742,616,
LAYYAH,67,6092,3292,2800,,4846,2613,2233,,1246,679,567,
LAYYAH,68,5236,2805,2431,,4244,2263,1981,,992,542,450,
LAYYAH,69,4577,2353,2224,,3587,1816,1771,,990,537,453,
LAYYAH,70,5872,2982,2889,1,4716,2383,2333,,1156,599,556,1
LAYYAH,71,3864,2500,1364,,3178,2025,1153,,686,475,211,
LAYYAH,72,4570,2368,2202,,3761,1950,1811,,809,418,391,
LAYYAH,73,3904,2045,1859,,3209,1672,1537,,695,373,322,
LAYYAH,74,3444,1762,1682,,2791,1424,1367,,653,338,315,
LAYYAH,75 & ABOVE,22665,12730,9935,,18540,10506,8034,,4125,2224,1901,
LODHRAN,ALL AGES,1926357,996914,929326,117,1603155,830759,772347,49,323202,166155,156979,68
LODHRAN,BELOW 1,46210,24204,22006,,39054,20468,18586,,7156,3736,3420,
LODHRAN,01,50800,26578,24222,,42748,22418,20330,,8052,4160,3892,
LODHRAN,02,56457,29485,26972,,47826,25019,22807,,8631,4466,4165,
LODHRAN,03,60298,31151,29147,,51194,26557,24637,,9104,4594,4510,
LODHRAN,04,65112,33882,31230,,55686,28985,26701,,9426,4897,4529,
LODHRAN,05,54913,28536,26377,,46369,24170,22199,,8544,4366,4178,
LODHRAN,06,54957,28379,26578,,46366,23987,22379,,8591,4392,4199,
LODHRAN,07,53008,27357,25651,,44676,23140,21536,,8332,4217,4115,
LODHRAN,08,52401,27296,25105,,44473,23234,21239,,7928,4062,3866,
LODHRAN,09,46508,24082,22426,,39075,20285,18790,,7433,3797,3636,
LODHRAN,10,50847,27062,23785,,42769,22835,19934,,8078,4227,3851,
LODHRAN,11,48065,25324,22741,,39870,21010,18860,,8195,4314,3881,
LODHRAN,12,47890,25540,22350,,39994,21365,18629,,7896,4175,3721,
LODHRAN,13,43920,23354,20566,,36464,19378,17086,,7456,3976,3480,
LODHRAN,14,44968,23848,21118,2,37347,19818,17529,,7621,4030,3589,2
LODHRAN,15,40290,21283,19006,1,33475,17795,15679,1,6815,3488,3327,
LODHRAN,16,40949,21842,19107,,33887,18103,15784,,7062,3739,3323,
LODHRAN,17,36014,19032,16980,2,29465,15550,13914,1,6549,3482,3066,1
LODHRAN,18,40721,21175,19546,,33776,17548,16228,,6945,3627,3318,
LODHRAN,19,35481,18357,17123,1,29010,15010,14000,,6471,3347,3123,1
LODHRAN,20,37705,19242,18456,7,31462,16053,15407,2,6243,3189,3049,5
LODHRAN,21,31131,16008,15121,2,25417,13092,12324,1,5714,2916,2797,1
LODHRAN,22,33662,17378,16278,6,27823,14447,13375,1,5839,2931,2903,5
LODHRAN,23,28574,14502,14072,,23527,12058,11469,,5047,2444,2603,
LODHRAN,24,29175,14961,14212,2,23878,12318,11559,1,5297,2643,2653,1
LODHRAN,25,34194,18171,16015,8,28773,15322,13449,2,5421,2849,2566,6
LODHRAN,26,28794,14663,14128,3,23551,12097,11453,1,5243,2566,2675,2
LODHRAN,27,27539,14052,13483,4,22523,11556,10964,3,5016,2496,2519,1
LODHRAN,28,27372,13563,13802,7,22503,11273,11228,2,4869,2290,2574,5
LODHRAN,29,24254,10882,13371,1,19918,8951,10967,,4336,1931,2404,1
LODHRAN,30,26319,13399,12916,4,21660,11052,10605,3,4659,2347,2311,1
LODHRAN,31,24459,12018,12441,,19989,9845,10144,,4470,2173,2297,
LODHRAN,32,24240,11892,12342,6,19685,9647,10035,3,4555,2245,2307,3
LODHRAN,33,24213,11952,12256,5,19885,9807,10076,2,4328,2145,2180,3
LODHRAN,34,24279,12092,12186,1,19801,9849,9951,1,4478,2243,2235,
LODHRAN,35,23607,12081,11516,10,19537,10035,9497,5,4070,2046,2019,5
LODHRAN,36,22961,11597,11361,3,18549,9370,9178,1,4412,2227,2183,2
LODHRAN,37,22313,11350,10963,,18139,9191,8948,,4174,2159,2015,
LODHRAN,38,21703,10775,10927,1,17630,8711,8918,1,4073,2064,2009,
LODHRAN,39,21005,10296,10709,,17237,8441,8796,,3768,1855,1913,
LODHRAN,40,20646,10099,10540,7,16970,8249,8718,3,3676,1850,1822,4
LODHRAN,41,22069,11220,10847,2,18352,9323,9028,1,3717,1897,1819,1
LODHRAN,42,24272,12559,11711,2,20006,10382,9624,,4266,2177,2087,2
LODHRAN,43,22219,11695,10521,3,18634,9769,8863,2,3585,1926,1658,1
LODHRAN,44,20277,10552,9725,,16590,8596,7994,,3687,1956,1731,
LODHRAN,45,17319,9144,8170,5,14453,7622,6828,3,2866,1522,1342,2
LODHRAN,46,16516,8539,7976,1,13366,6873,6493,,3150,1666,1483,1
LODHRAN,47,17066,8922,8143,1,14110,7350,6760,,2956,1572,1383,1
LODHRAN,48,16082,8291,7790,1,13389,6898,6491,,2693,1393,1299,1
LODHRAN,49,14031,7363,6668,,11525,6021,5504,,2506,1342,1164,
LODHRAN,50,13066,6601,6458,7,10750,5387,5362,1,2316,1214,1096,6
LODHRAN,51,13201,6903,6297,1,10951,5691,5260,,2250,1212,1037,1
LODHRAN,52,14613,7373,7240,,12032,6015,6017,,2581,1358,1223,
LODHRAN,53,13626,7047,6578,1,11567,5928,5638,1,2059,1119,940,
LODHRAN,54,12383,6461,5922,,10184,5307,4877,,2199,1154,1045,
LODHRAN,55,11576,6176,5399,1,9641,5145,4496,,1935,1031,903,1
LODHRAN,56,10411,5544,4867,,8556,4559,3997,,1855,985,870,
LODHRAN,57,11181,6047,5132,2,9124,4916,4207,1,2057,1131,925,1
LODHRAN,58,10687,5782,4905,,8947,4836,4111,,1740,946,794,
LODHRAN,59,8591,4643,3948,,7059,3798,3261,,1532,845,687,
LODHRAN,60,9336,4856,4478,2,7721,3983,3736,2,1615,873,742,
LODHRAN,61,8306,4481,3823,2,6918,3734,3183,1,1388,747,640,1
LODHRAN,62,7608,4115,3492,1,6303,3381,2921,1,1305,734,571,
LODHRAN,63,7751,4016,3735,,6569,3383,3186,,1182,633,549,
LODHRAN,64,6342,3162,3180,,5279,2611,2668,,1063,551,512,
LODHRAN,65,8175,3780,4395,,6888,3179,3709,,1287,601,686,
LODHRAN,66,5818,3001,2817,,4789,2495,2294,,1029,506,523,
LODHRAN,67,5755,3007,2746,2,4797,2507,2288,2,958,500,458,
LODHRAN,68,5045,2629,2416,,4228,2213,2015,,817,416,401,
LODHRAN,69,4729,2309,2420,,4001,1972,2029,,728,337,391,
LODHRAN,70,5914,2943,2971,,4974,2485,2489,,940,458,482,
LODHRAN,71,3178,2209,969,,2693,1880,813,,485,329,156,
LODHRAN,72,4158,2140,2018,,3512,1803,1709,,646,337,309,
LODHRAN,73,3695,2068,1627,,3204,1786,1418,,491,282,209,
LODHRAN,74,3053,1500,1553,,2585,1294,1291,,468,206,262,
LODHRAN,75 & ABOVE,20354,11096,9258,,17477,9598,7879,,2877,1498,1379,
MANDI BAHAUDDIN,ALL AGES,1829152,916966,912047,139,1483259,743128,740049,82,345893,173838,171998,57
MANDI BAHAUDDIN,BELOW 1,42430,22204,20226,,34691,18180,16511,,7739,4024,3715,
MANDI BAHAUDDIN,01,47060,24547,22513,,38038,19958,18080,,9022,4589,4433,
MANDI BAHAUDDIN,02,52496,27174,25322,,42780,22176,20604,,9716,4998,4718,
MANDI BAHAUDDIN,03,53270,27402,25868,,43150,22155,20995,,10120,5247,4873,
MANDI BAHAUDDIN,04,53920,27781,26139,,44026,22591,21435,,9894,5190,4704,
MANDI BAHAUDDIN,05,43553,22275,21278,,35283,18004,17279,,8270,4271,3999,
MANDI BAHAUDDIN,06,43622,22303,21319,,35462,18171,17291,,8160,4132,4028,
MANDI BAHAUDDIN,07,41792,21347,20445,,33673,17227,16446,,8119,4120,3999,
MANDI BAHAUDDIN,08,40940,20751,20189,,33343,16897,16446,,7597,3854,3743,
MANDI BAHAUDDIN,09,38464,19575,18889,,31201,15812,15389,,7263,3763,3500,
MANDI BAHAUDDIN,10,41998,21881,20117,,34235,17820,16415,,7763,4061,3702,
MANDI BAHAUDDIN,11,41717,21544,20173,,33645,17331,16314,,8072,4213,3859,
MANDI BAHAUDDIN,12,42078,22087,19991,,34202,17939,16263,,7876,4148,3728,
MANDI BAHAUDDIN,13,39548,20942,18606,,31822,16864,14958,,7726,4078,3648,
MANDI BAHAUDDIN,14,39386,20611,18773,2,31755,16638,15115,2,7631,3973,3658,
MANDI BAHAUDDIN,15,36034,18327,17704,3,28967,14742,14222,3,7067,3585,3482,
MANDI BAHAUDDIN,16,36782,18996,17784,2,30025,15498,14525,2,6757,3498,3259,
MANDI BAHAUDDIN,17,35721,18204,17516,1,28810,14685,14125,,6911,3519,3391,1
MANDI BAHAUDDIN,18,34624,17903,16720,1,28373,14677,13695,1,6251,3226,3025,
MANDI BAHAUDDIN,19,33941,17034,16905,2,27395,13777,13616,2,6546,3257,3289,
MANDI BAHAUDDIN,20,32572,16313,16253,6,26586,13260,13323,3,5986,3053,2930,3
MANDI BAHAUDDIN,21,31565,15260,16301,4,25371,12243,13125,3,6194,3017,3176,1
MANDI BAHAUDDIN,22,31972,15230,16736,6,25972,12289,13678,5,6000,2941,3058,1
MANDI BAHAUDDIN,23,27932,12756,15167,9,22580,10225,12348,7,5352,2531,2819,2
MANDI BAHAUDDIN,24,28939,13158,15772,9,23159,10426,12728,5,5780,2732,3044,4
MANDI BAHAUDDIN,25,29036,14081,14947,8,23786,11515,12268,3,5250,2566,2679,5
MANDI BAHAUDDIN,26,29566,13092,16468,6,23568,10345,13219,4,5998,2747,3249,2
MANDI BAHAUDDIN,27,27104,12032,15064,8,21672,9478,12190,4,5432,2554,2874,4
MANDI BAHAUDDIN,28,26412,11840,14568,4,21089,9427,11659,3,5323,2413,2909,1
MANDI BAHAUDDIN,29,24848,10077,14765,6,19902,7996,11903,3,4946,2081,2862,3
MANDI BAHAUDDIN,30,25855,12333,13515,7,20836,9857,10974,5,5019,2476,2541,2
MANDI BAHAUDDIN,31,24874,11210,13661,3,19782,8829,10952,1,5092,2381,2709,2
MANDI BAHAUDDIN,32,26277,11970,14303,4,21073,9523,11549,1,5204,2447,2754,3
MANDI BAHAUDDIN,33,24322,10887,13434,1,19362,8598,10763,1,4960,2289,2671,
MANDI BAHAUDDIN,34,24254,10934,13320,,19347,8682,10665,,4907,2252,2655,
MANDI BAHAUDDIN,35,23275,11020,12245,10,18973,8955,10012,6,4302,2065,2233,4
MANDI BAHAUDDIN,36,24392,11291,13098,3,19404,9023,10379,2,4988,2268,2719,1
MANDI BAHAUDDIN,37,22545,10512,12033,,17932,8304,9628,,4613,2208,2405,
MANDI BAHAUDDIN,38,22152,10742,11408,2,17649,8504,9143,2,4503,2238,2265,
MANDI BAHAUDDIN,39,21383,10023,11360,,17076,7979,9097,,4307,2044,2263,
MANDI BAHAUDDIN,40,19854,9634,10217,3,15955,7665,8289,1,3899,1969,1928,2
MANDI BAHAUDDIN,41,19407,9112,10293,2,15645,7388,8256,1,3762,1724,2037,1
MANDI BAHAUDDIN,42,21923,10440,11480,3,17634,8406,9228,,4289,2034,2252,3
MANDI BAHAUDDIN,43,19773,9368,10405,,15870,7493,8377,,3903,1875,2028,
MANDI BAHAUDDIN,44,19278,9490,9788,,15408,7555,7853,,3870,1935,1935,
MANDI BAHAUDDIN,45,17653,8951,8697,5,14348,7258,7088,2,3305,1693,1609,3
MANDI BAHAUDDIN,46,16684,8194,8490,,13261,6511,6750,,3423,1683,1740,
MANDI BAHAUDDIN,47,15234,7376,7858,,12239,5950,6289,,2995,1426,1569,
MANDI BAHAUDDIN,48,15813,7831,7981,1,12772,6250,6522,,3041,1581,1459,1
MANDI BAHAUDDIN,49,15132,7505,7627,,12227,6088,6139,,2905,1417,1488,
MANDI BAHAUDDIN,50,14758,7457,7295,6,12036,6077,5957,2,2722,1380,1338,4
MANDI BAHAUDDIN,51,13802,7027,6775,,11072,5646,5426,,2730,1381,1349,
MANDI BAHAUDDIN,52,15765,7972,7791,2,12892,6484,6407,1,2873,1488,1384,1
MANDI BAHAUDDIN,53,13998,7082,6914,2,11542,5871,5669,2,2456,1211,1245,
MANDI BAHAUDDIN,54,14525,7657,6867,1,11725,6197,5527,1,2800,1460,1340,
MANDI BAHAUDDIN,55,13492,7483,6009,,10966,6087,4879,,2526,1396,1130,
MANDI BAHAUDDIN,56,13482,7220,6262,,11036,5986,5050,,2446,1234,1212,
MANDI BAHAUDDIN,57,12303,6553,5749,1,10049,5399,4649,1,2254,1154,1100,
MANDI BAHAUDDIN,58,11950,6331,5619,,9892,5260,4632,,2058,1071,987,
MANDI BAHAUDDIN,59,10762,5837,4925,,8793,4796,3997,,1969,1041,928,
MANDI BAHAUDDIN,60,11682,6295,5386,1,9692,5252,4440,,1990,1043,946,1
MANDI BAHAUDDIN,61,10349,5780,4569,,8399,4700,3699,,1950,1080,870,
MANDI BAHAUDDIN,62,9704,5412,4292,,7985,4421,3564,,1719,991,728,
MANDI BAHAUDDIN,63,9023,4892,4131,,7381,4000,3381,,1642,892,750,
MANDI BAHAUDDIN,64,8832,4755,4075,2,7240,3909,3330,1,1592,846,745,1
MANDI BAHAUDDIN,65,10454,5160,5293,1,8756,4325,4430,1,1698,835,863,
MANDI BAHAUDDIN,66,8609,5004,3605,,7109,4169,2940,,1500,835,665,
MANDI BAHAUDDIN,67,7209,4224,2984,1,5919,3481,2437,1,1290,743,547,
MANDI BAHAUDDIN,68,6215,3641,2574,,5195,3037,2158,,1020,604,416,
MANDI BAHAUDDIN,69,5937,3249,2687,1,4975,2747,2228,,962,502,459,1
MANDI BAHAUDDIN,70,7236,3817,3419,,6127,3228,2899,,1109,589,520,
MANDI BAHAUDDIN,71,4197,3065,1132,,3566,2606,960,,631,459,172,
MANDI BAHAUDDIN,72,5455,3124,2331,,4709,2708,2001,,746,416,330,
MANDI BAHAUDDIN,73,4381,2568,1813,,3753,2185,1568,,628,383,245,
MANDI BAHAUDDIN,74,4094,2195,1899,,3486,1866,1620,,608,329,279,
MANDI BAHAUDDIN,75 & ABOVE,31536,17616,13920,,27610,15527,12083,,3926,2089,1837,
MIANWALI,ALL AGES,1795897,916977,878855,65,1432505,731081,701398,26,363392,185896,177457,39
MIANWALI,BELOW 1,37212,19283,17929,,30779,15929,14850,,6433,3354,3079,
MIANWALI,01,46687,24210,22477,,37648,19571,18077,,9039,4639,4400,
MIANWALI,02,51243,26400,24843,,41803,21555,20248,,9440,4845,4595,
MIANWALI,03,53780,28025,25755,,43509,22687,20822,,10271,5338,4933,
MIANWALI,04,56857,29569,27288,,46401,24097,22304,,10456,5472,4984,
MIANWALI,05,44338,22925,21413,,35738,18467,17271,,8600,4458,4142,
MIANWALI,06,43202,22197,21005,,34910,17889,17021,,8292,4308,3984,
MIANWALI,07,42478,21850,20628,,34417,17766,16651,,8061,4084,3977,
MIANWALI,08,40514,20714,19800,,32888,16812,16076,,7626,3902,3724,
MIANWALI,09,38206,19418,18788,,30891,15750,15141,,7315,3668,3647,
MIANWALI,10,39971,20877,19094,,32265,16840,15425,,7706,4037,3669,
MIANWALI,11,41172,21625,19547,,33131,17402,15729,,8041,4223,3818,
MIANWALI,12,38897,20235,18662,,31416,16316,15100,,7481,3919,3562,
MIANWALI,13,39558,20869,18689,,32161,17000,15161,,7397,3869,3528,
MIANWALI,14,39522,21058,18462,2,31972,17024,14946,2,7550,4034,3516,
MIANWALI,15,37073,19340,17731,2,30045,15703,14340,2,7028,3637,3391,
MIANWALI,16,36735,19608,17125,2,29774,15900,13873,1,6961,3708,3252,1
MIANWALI,17,35583,18727,16855,1,28760,15178,13582,,6823,3549,3273,1
MIANWALI,18,33407,17298,16107,2,27026,13981,13044,1,6381,3317,3063,1
MIANWALI,19,32472,16875,15594,3,26152,13635,12515,2,6320,3240,3079,1
MIANWALI,20,31825,16361,15462,2,25655,13244,12410,1,6170,3117,3052,1
MIANWALI,21,30288,15360,14926,2,24065,12279,11785,1,6223,3081,3141,1
MIANWALI,22,30236,15342,14888,6,24142,12251,11890,1,6094,3091,2998,5
MIANWALI,23,29572,14928,14643,1,23515,11930,11584,1,6057,2998,3059,
MIANWALI,24,30787,15405,15378,4,24507,12309,12195,3,6280,3096,3183,1
MIANWALI,25,29787,15678,14104,5,23927,12595,11332,,5860,3083,2772,5
MIANWALI,26,30883,15078,15801,4,24391,11889,12502,,6492,3189,3299,4
MIANWALI,27,28422,14085,14337,,22653,11250,11403,,5769,2835,2934,
MIANWALI,28,28452,14172,14279,1,22632,11329,11303,,5820,2843,2976,1
MIANWALI,29,25881,12115,13766,,20233,9450,10783,,5648,2665,2983,
MIANWALI,30,25720,12676,13042,2,20288,10028,10260,,5432,2648,2782,2
MIANWALI,31,26189,12479,13709,1,20423,9713,10709,1,5766,2766,3000,
MIANWALI,32,25796,12459,13337,,20026,9618,10408,,5770,2841,2929,
MIANWALI,33,25018,12002,13015,1,19689,9430,10258,1,5329,2572,2757,
MIANWALI,34,24899,12054,12845,,19513,9517,9996,,5386,2537,2849,
MIANWALI,35,22107,10787,11315,5,17329,8437,8891,1,4778,2350,2424,4
MIANWALI,36,24838,12358,12479,1,19319,9606,9712,1,5519,2752,2767,
MIANWALI,37,21862,10939,10923,,17010,8465,8545,,4852,2474,2378,
MIANWALI,38,24264,12046,12216,2,18875,9289,9586,,5389,2757,2630,2
MIANWALI,39,22467,11261,11206,,17493,8756,8737,,4974,2505,2469,
MIANWALI,40,19862,9618,10244,,15406,7410,7996,,4456,2208,2248,
MIANWALI,41,19839,9768,10068,3,15481,7594,7885,2,4358,2174,2183,1
MIANWALI,42,20121,10083,10038,,15648,7773,7875,,4473,2310,2163,
MIANWALI,43,18911,9466,9444,1,14972,7390,7582,,3939,2076,1862,1
MIANWALI,44,18910,9689,9221,,14659,7465,7194,,4251,2224,2027,
MIANWALI,45,16034,8015,8018,1,12441,6162,6278,1,3593,1853,1740,
MIANWALI,46,17145,8912,8233,,13298,6856,6442,,3847,2056,1791,
MIANWALI,47,14008,7183,6824,1,10869,5526,5342,1,3139,1657,1482,
MIANWALI,48,15231,7529,7700,2,11908,5803,6105,,3323,1726,1595,2
MIANWALI,49,14389,7214,7174,1,11078,5493,5585,,3311,1721,1589,1
MIANWALI,50,13637,6621,7016,,10713,5121,5592,,2924,1500,1424,
MIANWALI,51,13403,6738,6664,1,10406,5224,5181,1,2997,1514,1483,
MIANWALI,52,13486,6962,6523,1,10543,5400,5143,,2943,1562,1380,1
MIANWALI,53,13008,6378,6629,1,10335,4994,5340,1,2673,1384,1289,
MIANWALI,54,13321,6630,6691,,10396,5136,5260,,2925,1494,1431,
MIANWALI,55,11737,6021,5715,1,9258,4730,4528,,2479,1291,1187,1
MIANWALI,56,12493,6400,6093,,9749,4981,4768,,2744,1419,1325,
MIANWALI,57,11312,5814,5498,,8949,4551,4398,,2363,1263,1100,
MIANWALI,58,11602,6122,5479,1,9148,4853,4295,,2454,1269,1184,1
MIANWALI,59,10637,5519,5118,,8281,4280,4001,,2356,1239,1117,
MIANWALI,60,10368,5238,5130,,8252,4166,4086,,2116,1072,1044,
MIANWALI,61,9985,5251,4734,,7869,4119,3750,,2116,1132,984,
MIANWALI,62,8739,4859,3879,1,6801,3760,3041,,1938,1099,838,1
MIANWALI,63,8916,4805,4111,,7047,3778,3269,,1869,1027,842,
MIANWALI,64,8242,4220,4022,,6453,3329,3124,,1789,891,898,
MIANWALI,65,8567,3946,4621,,6734,3116,3618,,1833,830,1003,
MIANWALI,66,7006,3605,3401,,5334,2788,2546,,1672,817,855,
MIANWALI,67,6351,3350,3001,,4941,2590,2351,,1410,760,650,
MIANWALI,68,6076,3263,2813,,4748,2565,2183,,1328,698,630,
MIANWALI,69,5688,2846,2842,,4358,2181,2177,,1330,665,665,
MIANWALI,70,6319,3162,3157,,5067,2537,2530,,1252,625,627,
MIANWALI,71,3878,2668,1210,,3009,2078,931,,869,590,279,
MIANWALI,72,4619,2464,2154,1,3634,1922,1711,1,985,542,443,
MIANWALI,73,4404,2425,1979,,3526,1934,1592,,878,491,387,
MIANWALI,74,4454,2262,2192,,3513,1780,1733,,941,482,459,
MIANWALI,75 & ABOVE,24999,13243,11756,,20310,10809,9501,,4689,2434,2255,
MULTAN,ALL AGES,5340762,2720277,2620078,407,2859260,1450811,1408313,136,2481502,1269466,1211765,271
MULTAN,BELOW 1,110143,55467,54676,,63840,32044,31796,,46303,23423,22880,
MULTAN,01,139096,69949,69147,,77991,39084,38907,,61105,30865,30240,
MULTAN,02,150697,76616,74081,,84019,42024,41995,,66678,34592,32086,
MULTAN,03,161893,81359,80534,,91824,46176,45648,,70069,35183,34886,
MULTAN,04,168446,84401,84045,,96495,48185,48310,,71951,36216,35735,
MULTAN,05,138031,69873,68158,,80674,40979,39695,,57357,28894,28463,
MULTAN,06,139458,70589,68869,,81871,41565,40306,,57587,29024,28563,
MULTAN,07,137798,69062,68736,,80252,40307,39945,,57546,28755,28791,
MULTAN,08,132264,66235,66029,,77892,39068,38824,,54372,27167,27205,
MULTAN,09,120333,60063,60270,,68666,34236,34430,,51667,25827,25840,
MULTAN,10,131809,66341,65468,,75609,37858,37751,,56200,28483,27717,
MULTAN,11,130377,65749,64628,,71296,36029,35267,,59081,29720,29361,
MULTAN,12,128546,64775,63771,,70937,35461,35476,,57609,29314,28295,
MULTAN,13,121039,61575,59464,,65060,33060,32000,,55979,28515,27464,
MULTAN,14,121822,61947,59864,11,66039,33458,32573,8,55783,28489,27291,3
MULTAN,15,110606,55907,54691,8,59563,30106,29455,2,51043,25801,25236,6
MULTAN,16,110947,57131,53806,10,59530,30610,28917,3,51417,26521,24889,7
MULTAN,17,102860,52824,50022,14,53603,27515,26084,4,49257,25309,23938,10
MULTAN,18,108707,54413,54283,11,59329,29381,29943,5,49378,25032,24340,6
MULTAN,19,101117,50986,50122,9,52708,26446,26260,2,48409,24540,23862,7
MULTAN,20,104635,52042,52577,16,55917,27325,28588,4,48718,24717,23989,12
MULTAN,21,95882,48645,47227,10,48451,24474,23972,5,47431,24171,23255,5
MULTAN,22,98069,49115,48936,18,50919,25403,25512,4,47150,23712,23424,14
MULTAN,23,87083,43685,43385,13,44596,22102,22493,1,42487,21583,20892,12
MULTAN,24,87815,44211,43594,10,44662,22622,22036,4,43153,21589,21558,6
MULTAN,25,92767,48206,44531,30,49446,26044,23393,9,43321,22162,21138,21
MULTAN,26,86477,43319,43151,7,43351,22124,21224,3,43126,21195,21927,4
MULTAN,27,79511,40175,39322,14,40733,21112,19616,5,38778,19063,19706,9
MULTAN,28,78935,39279,39648,8,39965,20346,19616,3,38970,18933,20032,5
MULTAN,29,70805,32798,38001,6,35754,16782,18972,,35051,16016,19029,6
MULTAN,30,77350,38469,38870,11,39234,19753,19474,7,38116,18716,19396,4
MULTAN,31,73404,35859,37539,6,37792,18498,19293,1,35612,17361,18246,5
MULTAN,32,76562,37350,39199,13,38275,18707,19563,5,38287,18643,19636,8
MULTAN,33,71618,34970,36634,14,37276,18179,19094,3,34342,16791,17540,11
MULTAN,34,73126,35686,37434,6,37992,18616,19374,2,35134,17070,18060,4
MULTAN,35,69470,36133,33309,28,35787,18737,17039,11,33683,17396,16270,17
MULTAN,36,72787,36770,36010,7,35380,18069,17310,1,37407,18701,18700,6
MULTAN,37,68841,35148,33690,3,35493,17819,17672,2,33348,17329,16018,1
MULTAN,38,69040,35156,33874,10,34316,17196,17118,2,34724,17960,16756,8
MULTAN,39,65266,33264,32001,1,32810,16468,16342,,32456,16796,15659,1
MULTAN,40,63086,32825,30248,13,31129,16106,15016,7,31957,16719,15232,6
MULTAN,41,60883,30968,29910,5,32667,16729,15936,2,28216,14239,13974,3
MULTAN,42,66541,34284,32250,7,34916,17830,17083,3,31625,16454,15167,4
MULTAN,43,60012,31395,28613,4,32556,16784,15770,2,27456,14611,12843,2
MULTAN,44,58736,31163,27567,6,29683,15663,14017,3,29053,15500,13550,3
MULTAN,45,49965,27327,22622,16,24590,13393,11193,4,25375,13934,11429,12
MULTAN,46,50262,26865,23395,2,24436,12961,11474,1,25826,13904,11921,1
MULTAN,47,46614,24497,22116,1,24328,12479,11849,,22286,12018,10267,1
MULTAN,48,45753,23920,21830,3,23645,12233,11410,2,22108,11687,10420,1
MULTAN,49,41579,21976,19601,2,20170,10607,9563,,21409,11369,10038,2
MULTAN,50,39619,20785,18818,16,18873,9695,9175,3,20746,11090,9643,13
MULTAN,51,36965,19871,17092,2,18589,9917,8671,1,18376,9954,8421,1
MULTAN,52,40639,21026,19613,,21128,10634,10494,,19511,10392,9119,
MULTAN,53,36376,18984,17388,4,19564,9859,9702,3,16812,9125,7686,1
MULTAN,54,35713,19018,16694,1,17816,9419,8396,1,17897,9599,8298,
MULTAN,55,32776,18236,14534,6,16157,8957,7199,1,16619,9279,7335,5
MULTAN,56,31437,17104,14331,2,15251,8196,7054,1,16186,8908,7277,1
MULTAN,57,30553,16492,14061,,15966,8538,7428,,14587,7954,6633,
MULTAN,58,28045,15173,12869,3,14871,8026,6844,1,13174,7147,6025,2
MULTAN,59,24973,13792,11178,3,12155,6678,5476,1,12818,7114,5702,2
MULTAN,60,27039,14363,12670,6,13431,7077,6354,,13608,7286,6316,6
MULTAN,61,23198,12768,10429,1,11574,6368,5206,,11624,6400,5223,1
MULTAN,62,22026,12145,9881,,11290,6086,5204,,10736,6059,4677,
MULTAN,63,21711,11781,9930,,11433,5888,5545,,10278,5893,4385,
MULTAN,64,19603,10235,9368,,9727,4964,4763,,9876,5271,4605,
MULTAN,65,22605,11012,11589,4,11625,5528,6096,1,10980,5484,5493,3
MULTAN,66,17186,9117,8069,,8568,4426,4142,,8618,4691,3927,
MULTAN,67,15427,8260,7167,,8201,4198,4003,,7226,4062,3164,
MULTAN,68,13093,7143,5950,,6917,3646,3271,,6176,3497,2679,
MULTAN,69,12883,6458,6425,,6637,3209,3428,,6246,3249,2997,
MULTAN,70,16167,8362,7804,1,8558,4348,4210,,7609,4014,3594,1
MULTAN,71,8736,6189,2547,,4760,3244,1516,,3976,2945,1031,
MULTAN,72,10141,5483,4658,,5774,2992,2782,,4367,2491,1876,
MULTAN,73,9000,5134,3866,,5192,2861,2331,,3808,2273,1535,
MULTAN,74,8333,4247,4086,,4570,2344,2226,,3763,1903,1860,
MULTAN,75 & ABOVE,47655,26337,21313,5,27166,14960,12203,3,20489,11377,9110,2
MUZAFFARGARH,ALL AGES,5012124,2545343,2466672,109,4066845,2066288,2000493,64,945279,479055,466179,45
MUZAFFARGARH,BELOW 1,126945,63596,63349,,103769,52074,51695,,23176,11522,11654,
MUZAFFARGARH,01,161616,81345,80271,,133403,67201,66202,,28213,14144,14069,
MUZAFFARGARH,02,181547,91206,90341,,149776,75207,74569,,31771,15999,15772,
MUZAFFARGARH,03,194714,98836,95878,,160930,81454,79476,,33784,17382,16402,
MUZAFFARGARH,04,208989,106034,102955,,171776,86742,85034,,37213,19292,17921,
MUZAFFARGARH,05,158546,80483,78063,,132600,67438,65162,,25946,13045,12901,
MUZAFFARGARH,06,156043,78602,77441,,130044,65488,64556,,25999,13114,12885,
MUZAFFARGARH,07,148719,74770,73949,,123714,62253,61461,,25005,12517,12488,
MUZAFFARGARH,08,150034,75583,74451,,125290,63149,62141,,24744,12434,12310,
MUZAFFARGARH,09,130495,65688,64807,,108506,54662,53844,,21989,11026,10963,
MUZAFFARGARH,10,144627,72792,71835,,119703,60212,59491,,24924,12580,12344,
MUZAFFARGARH,11,130811,66408,64403,,107762,54697,53065,,23049,11711,11338,
MUZAFFARGARH,12,130920,65806,65114,,107414,54060,53354,,23506,11746,11760,
MUZAFFARGARH,13,121590,62264,59326,,99519,51141,48378,,22071,11123,10948,
MUZAFFARGARH,14,121805,62017,59780,8,99735,50918,48812,5,22070,11099,10968,3
MUZAFFARGARH,15,110287,56237,54042,8,89680,45760,43914,6,20607,10477,10128,2
MUZAFFARGARH,16,108823,56205,52611,7,88255,45588,42662,5,20568,10617,9949,2
MUZAFFARGARH,17,93328,47843,45480,5,74625,38151,36470,4,18703,9692,9010,1
MUZAFFARGARH,18,103252,51007,52244,1,84112,41454,42657,1,19140,9553,9587,
MUZAFFARGARH,19,88111,44770,43338,3,70746,36128,34617,1,17365,8642,8721,2
MUZAFFARGARH,20,94379,46480,47896,3,76742,37868,38872,2,17637,8612,9024,1
MUZAFFARGARH,21,78042,38766,39274,2,62460,31163,31296,1,15582,7603,7978,1
MUZAFFARGARH,22,79654,40224,39424,6,63984,32479,31504,1,15670,7745,7920,5
MUZAFFARGARH,23,73304,36652,36651,1,59308,29843,29465,,13996,6809,7186,1
MUZAFFARGARH,24,73076,37520,35553,3,58349,30230,28116,3,14727,7290,7437,
MUZAFFARGARH,25,81998,43702,38290,6,66189,35653,30532,4,15809,8049,7758,2
MUZAFFARGARH,26,69457,35182,34275,,55008,28130,26878,,14449,7052,7397,
MUZAFFARGARH,27,64210,32344,31866,,50632,25651,24981,,13578,6693,6885,
MUZAFFARGARH,28,64803,31927,32874,2,51096,25333,25763,,13707,6594,7111,2
MUZAFFARGARH,29,57654,26000,31653,1,45555,20595,24959,1,12099,5405,6694,
MUZAFFARGARH,30,61410,30231,31177,2,48459,24027,24432,,12951,6204,6745,2
MUZAFFARGARH,31,60539,30088,30450,1,47932,23829,24102,1,12607,6259,6348,
MUZAFFARGARH,32,58547,28721,29825,1,45916,22607,23308,1,12631,6114,6517,
MUZAFFARGARH,33,61286,29622,31663,1,49188,23677,25510,1,12098,5945,6153,
MUZAFFARGARH,34,56755,28165,28587,3,44932,22456,22473,3,11823,5709,6114,
MUZAFFARGARH,35,55937,29175,26760,2,44382,23141,21239,2,11555,6034,5521,
MUZAFFARGARH,36,55234,28716,26516,2,43385,22514,20871,,11849,6202,5645,2
MUZAFFARGARH,37,54472,27806,26663,3,43600,22251,21347,2,10872,5555,5316,1
MUZAFFARGARH,38,59248,29810,29435,3,47507,23771,23734,2,11741,6039,5701,1
MUZAFFARGARH,39,52130,26117,26012,1,41440,20667,20772,1,10690,5450,5240,
MUZAFFARGARH,40,46836,23298,23537,1,36769,18148,18621,,10067,5150,4916,1
MUZAFFARGARH,41,54339,27069,27270,,44120,21863,22257,,10219,5206,5013,
MUZAFFARGARH,42,52116,26796,25318,2,41528,21327,20200,1,10588,5469,5118,1
MUZAFFARGARH,43,56312,28875,27434,3,46220,23580,22638,2,10092,5295,4796,1
MUZAFFARGARH,44,43296,22588,20708,,34188,17829,16359,,9108,4759,4349,
MUZAFFARGARH,45,38733,21056,17676,1,30391,16511,13879,1,8342,4545,3797,
MUZAFFARGARH,46,36115,19005,17109,1,28230,14769,13460,1,7885,4236,3649,
MUZAFFARGARH,47,34161,18064,16096,1,26999,14298,12701,,7162,3766,3395,1
MUZAFFARGARH,48,38753,19465,19287,1,31140,15518,15622,,7613,3947,3665,1
MUZAFFARGARH,49,31266,16495,14769,2,24460,12901,11557,2,6806,3594,3212,
MUZAFFARGARH,50,28736,14791,13943,2,22425,11505,10920,,6311,3286,3023,2
MUZAFFARGARH,51,29155,15396,13758,1,22903,12037,10866,,6252,3359,2892,1
MUZAFFARGARH,52,28882,14833,14047,2,22831,11664,11167,,6051,3169,2880,2
MUZAFFARGARH,53,32353,16006,16346,1,26166,12780,13385,1,6187,3226,2961,
MUZAFFARGARH,54,25880,13911,11968,1,20104,10862,9242,,5776,3049,2726,1
MUZAFFARGARH,55,24756,13717,11037,2,19496,10856,8640,,5260,2861,2397,2
MUZAFFARGARH,56,23225,12676,10549,,18093,9827,8266,,5132,2849,2283,
MUZAFFARGARH,57,21271,11462,9808,1,16706,8967,7738,1,4565,2495,2070,
MUZAFFARGARH,58,24119,12499,11617,3,19409,10024,9383,2,4710,2475,2234,1
MUZAFFARGARH,59,18436,10173,8262,1,14405,7949,6455,1,4031,2224,1807,
MUZAFFARGARH,60,21214,11385,9828,1,16759,8998,7760,1,4455,2387,2068,
MUZAFFARGARH,61,17715,9822,7892,1,13811,7659,6152,,3904,2163,1740,1
MUZAFFARGARH,62,14856,8242,6613,1,11626,6447,5179,,3230,1795,1434,1
MUZAFFARGARH,63,17537,9049,8488,,14141,7257,6884,,3396,1792,1604,
MUZAFFARGARH,64,13925,7138,6787,,10948,5576,5372,,2977,1562,1415,
MUZAFFARGARH,65,17802,8479,9322,1,14202,6795,7406,1,3600,1684,1916,
MUZAFFARGARH,66,12671,6545,6126,,10052,5178,4874,,2619,1367,1252,
MUZAFFARGARH,67,11519,6039,5479,1,9098,4763,4335,,2421,1276,1144,1
MUZAFFARGARH,68,11631,5842,5789,,9458,4708,4750,,2173,1134,1039,
MUZAFFARGARH,69,9947,4864,5083,,7928,3862,4066,,2019,1002,1017,
MUZAFFARGARH,70,13828,7157,6669,2,11092,5771,5319,2,2736,1386,1350,
MUZAFFARGARH,71,7736,5241,2495,,6367,4301,2066,,1369,940,429,
MUZAFFARGARH,72,8230,4424,3806,,6731,3612,3119,,1499,812,687,
MUZAFFARGARH,73,8843,4730,4113,,7379,3965,3414,,1464,765,699,
MUZAFFARGARH,74,7198,3683,3515,,5799,3010,2789,,1399,673,726,
MUZAFFARGARH,75 & ABOVE,45395,25788,19606,1,37448,21509,15938,1,7947,4279,3668,
NANKANA SAHIB,ALL AGES,1634871,831931,802859,81,1311483,669583,641867,33,323388,162348,160992,48
NANKANA SAHIB,BELOW 1,32502,16310,16192,,26567,13374,13193,,5935,2936,2999,
NANKANA SAHIB,01,43035,21743,21292,,34866,17592,17274,,8169,4151,4018,
NANKANA SAHIB,02,47393,23875,23518,,38728,19564,19164,,8665,4311,4354,
NANKANA SAHIB,03,50420,25287,25133,,41404,20795,20609,,9016,4492,4524,
NANKANA SAHIB,04,52276,26460,25816,,43171,21873,21298,,9105,4587,4518,
NANKANA SAHIB,05,42083,21248,20835,,34548,17446,17102,,7535,3802,3733,
NANKANA SAHIB,06,42905,21577,21328,,35304,17793,17511,,7601,3784,3817,
NANKANA SAHIB,07,40649,20319,20330,,33190,16690,16500,,7459,3629,3830,
NANKANA SAHIB,08,41660,20878,20782,,34312,17262,17050,,7348,3616,3732,
NANKANA SAHIB,09,35677,17990,17687,,28898,14653,14245,,6779,3337,3442,
NANKANA SAHIB,10,41533,20834,20699,,33894,17049,16845,,7639,3785,3854,
NANKANA SAHIB,11,37625,19020,18605,,30118,15289,14829,,7507,3731,3776,
NANKANA SAHIB,12,40596,20578,20018,,32634,16571,16063,,7962,4007,3955,
NANKANA SAHIB,13,36312,18470,17842,,28647,14479,14168,,7665,3991,3674,
NANKANA SAHIB,14,37357,18822,18532,3,29571,14897,14672,2,7786,3925,3860,1
NANKANA SAHIB,15,34544,17276,17267,1,27407,13660,13746,1,7137,3616,3521,
NANKANA SAHIB,16,34328,17398,16930,,27324,13797,13527,,7004,3601,3403,
NANKANA SAHIB,17,31559,16127,15430,2,24996,12790,12204,2,6563,3337,3226,
NANKANA SAHIB,18,33235,16721,16513,1,26896,13583,13312,1,6339,3138,3201,
NANKANA SAHIB,19,29309,14932,14377,,23154,11922,11232,,6155,3010,3145,
NANKANA SAHIB,20,31391,15664,15723,4,25544,12786,12757,1,5847,2878,2966,3
NANKANA SAHIB,21,26788,13507,13281,,21097,10757,10340,,5691,2750,2941,
NANKANA SAHIB,22,30299,15094,15205,,24288,12190,12098,,6011,2904,3107,
NANKANA SAHIB,23,25371,12742,12627,2,20009,10122,9887,,5362,2620,2740,2
NANKANA SAHIB,24,26058,12970,13088,,20621,10336,10285,,5437,2634,2803,
NANKANA SAHIB,25,29832,15312,14519,1,24444,12650,11794,,5388,2662,2725,1
NANKANA SAHIB,26,26807,13048,13758,1,21198,10475,10722,1,5609,2573,3036,
NANKANA SAHIB,27,23357,11576,11781,,18403,9232,9171,,4954,2344,2610,
NANKANA SAHIB,28,25848,12517,13328,3,20569,9994,10574,1,5279,2523,2754,2
NANKANA SAHIB,29,20709,9278,11430,1,16183,7259,8924,,4526,2019,2506,1
NANKANA SAHIB,30,25626,12177,13446,3,20787,9950,10836,1,4839,2227,2610,2
NANKANA SAHIB,31,20820,10055,10765,,16293,7931,8362,,4527,2124,2403,
NANKANA SAHIB,32,22629,10798,11830,1,17609,8460,9149,,5020,2338,2681,1
NANKANA SAHIB,33,20196,9870,10325,1,15945,7816,8128,1,4251,2054,2197,
NANKANA SAHIB,34,19336,9362,9974,,15013,7312,7701,,4323,2050,2273,
NANKANA SAHIB,35,22843,11566,11270,7,18537,9406,9129,2,4306,2160,2141,5
NANKANA SAHIB,36,19966,10120,9843,3,15654,8019,7633,2,4312,2101,2210,1
NANKANA SAHIB,37,18510,9568,8942,,14373,7481,6892,,4137,2087,2050,
NANKANA SAHIB,38,19689,9967,9715,7,15565,7865,7699,1,4124,2102,2016,6
NANKANA SAHIB,39,18887,9554,9332,1,14844,7527,7316,1,4043,2027,2016,
NANKANA SAHIB,40,20043,10074,9962,7,16250,8246,8000,4,3793,1828,1962,3
NANKANA SAHIB,41,17086,8665,8420,1,13588,6909,6678,1,3498,1756,1742,
NANKANA SAHIB,42,18851,9723,9127,1,14583,7654,6929,,4268,2069,2198,1
NANKANA SAHIB,43,17223,9009,8213,1,13612,7121,6490,1,3611,1888,1723,
NANKANA SAHIB,44,17144,9100,8043,1,13406,7169,6237,,3738,1931,1806,1
NANKANA SAHIB,45,17479,9193,8282,4,14114,7407,6706,1,3365,1786,1576,3
NANKANA SAHIB,46,14926,8035,6890,1,11729,6378,5350,1,3197,1657,1540,
NANKANA SAHIB,47,13391,7163,6227,1,10468,5575,4893,,2923,1588,1334,1
NANKANA SAHIB,48,13725,7086,6635,4,10803,5576,5226,1,2922,1510,1409,3
NANKANA SAHIB,49,12876,6772,6104,,10114,5316,4798,,2762,1456,1306,
NANKANA SAHIB,50,13519,6786,6729,4,10967,5495,5470,2,2552,1291,1259,2
NANKANA SAHIB,51,11453,6101,5351,1,8903,4750,4153,,2550,1351,1198,1
NANKANA SAHIB,52,11492,6210,5281,1,8896,4828,4068,,2596,1382,1213,1
NANKANA SAHIB,53,11047,5859,5187,1,8722,4648,4074,,2325,1211,1113,1
NANKANA SAHIB,54,10877,5814,5063,,8487,4500,3987,,2390,1314,1076,
NANKANA SAHIB,55,11735,6329,5402,4,9526,5128,4397,1,2209,1201,1005,3
NANKANA SAHIB,56,9993,5507,4486,,7832,4325,3507,,2161,1182,979,
NANKANA SAHIB,57,9158,5019,4139,,7128,3920,3208,,2030,1099,931,
NANKANA SAHIB,58,9189,5094,4095,,7303,4051,3252,,1886,1043,843,
NANKANA SAHIB,59,7970,4345,3625,,6193,3353,2840,,1777,992,785,
NANKANA SAHIB,60,10544,5589,4953,2,8629,4577,4051,1,1915,1012,902,1
NANKANA SAHIB,61,8004,4466,3538,,6359,3557,2802,,1645,909,736,
NANKANA SAHIB,62,6787,3970,2816,1,5344,3137,2206,1,1443,833,610,
NANKANA SAHIB,63,6898,3794,3104,,5576,3048,2528,,1322,746,576,
NANKANA SAHIB,64,6632,3542,3090,,5329,2837,2492,,1303,705,598,
NANKANA SAHIB,65,8589,4289,4300,,7039,3500,3539,,1550,789,761,
NANKANA SAHIB,66,5560,3177,2383,,4412,2518,1894,,1148,659,489,
NANKANA SAHIB,67,4722,2800,1922,,3740,2202,1538,,982,598,384,
NANKANA SAHIB,68,4121,2505,1616,,3422,2069,1353,,699,436,263,
NANKANA SAHIB,69,4189,2290,1899,,3364,1831,1533,,825,459,366,
NANKANA SAHIB,70,6290,3303,2986,1,5262,2776,2485,1,1028,527,501,
NANKANA SAHIB,71,2819,2182,637,,2302,1795,507,,517,387,130,
NANKANA SAHIB,72,2847,1604,1242,1,2291,1303,988,,556,301,254,1
NANKANA SAHIB,73,2827,1704,1123,,2377,1432,945,,450,272,178,
NANKANA SAHIB,74,2967,1545,1422,,2451,1289,1162,,516,256,260,
NANKANA SAHIB,75 & ABOVE,21938,12677,9259,2,18357,10716,7640,1,3581,1961,1619,1
NAROWAL,ALL AGES,1950769,996357,954327,85,1601749,818879,782824,46,349020,177478,171503,39
NAROWAL,BELOW 1,43429,22494,20935,,36440,18934,17506,,6989,3560,3429,
NAROWAL,01,53644,27667,25977,,45066,23264,21802,,8578,4403,4175,
NAROWAL,02,54820,28345,26475,,45716,23613,22103,,9104,4732,4372,
NAROWAL,03,56369,28690,27679,,47004,23950,23054,,9365,4740,4625,
NAROWAL,04,56478,28969,27509,,47030,23952,23078,,9448,5017,4431,
NAROWAL,05,47970,24508,23462,,39759,20333,19426,,8211,4175,4036,
NAROWAL,06,47943,24555,23388,,39740,20421,19319,,8203,4134,4069,
NAROWAL,07,46459,23648,22811,,38544,19681,18863,,7915,3967,3948,
NAROWAL,08,45840,23492,22348,,37946,19394,18552,,7894,4098,3796,
NAROWAL,09,41847,21235,20612,,34697,17546,17151,,7150,3689,3461,
NAROWAL,10,46384,23766,22618,,38216,19579,18637,,8168,4187,3981,
NAROWAL,11,46446,23729,22717,,38257,19493,18764,,8189,4236,3953,
NAROWAL,12,47715,24877,22838,,39137,20363,18774,,8578,4514,4064,
NAROWAL,13,45522,23535,21987,,37190,19162,18028,,8332,4373,3959,
NAROWAL,14,45512,23423,22087,2,37324,19139,18183,2,8188,4284,3904,
NAROWAL,15,41700,21246,20450,4,34017,17271,16743,3,7683,3975,3707,1
NAROWAL,16,42381,21507,20873,1,34756,17545,17211,,7625,3962,3662,1
NAROWAL,17,41164,20890,20274,,33698,17042,16656,,7466,3848,3618,
NAROWAL,18,40014,20842,19167,5,32840,17047,15789,4,7174,3795,3378,1
NAROWAL,19,38301,19824,18477,,31289,16239,15050,,7012,3585,3427,
NAROWAL,20,37959,19384,18571,4,31337,16034,15300,3,6622,3350,3271,1
NAROWAL,21,35895,18130,17764,1,29244,14838,14406,,6651,3292,3358,1
NAROWAL,22,37835,19297,18535,3,31033,15938,15094,1,6802,3359,3441,2
NAROWAL,23,33441,16787,16652,2,27409,13863,13544,2,6032,2924,3108,
NAROWAL,24,33396,16503,16891,2,27203,13561,13641,1,6193,2942,3250,1
NAROWAL,25,33901,17878,16020,3,28174,14919,13253,2,5727,2959,2767,1
NAROWAL,26,33468,16491,16974,3,27356,13595,13760,1,6112,2896,3214,2
NAROWAL,27,29083,14314,14769,,23693,11733,11960,,5390,2581,2809,
NAROWAL,28,30372,14936,15435,1,24904,12339,12565,,5468,2597,2870,1
NAROWAL,29,24782,10861,13921,,20302,8902,11400,,4480,1959,2521,
NAROWAL,30,28863,14776,14083,4,23837,12310,11526,1,5026,2466,2557,3
NAROWAL,31,24361,11853,12506,2,20027,9785,10242,,4334,2068,2264,2
NAROWAL,32,28425,13932,14492,1,23137,11467,11669,1,5288,2465,2823,
NAROWAL,33,23105,11303,11801,1,19003,9378,9624,1,4102,1925,2177,
NAROWAL,34,23150,11003,12147,,18894,9052,9842,,4256,1951,2305,
NAROWAL,35,24736,12753,11980,3,20101,10457,9643,1,4635,2296,2337,2
NAROWAL,36,23835,11810,12023,2,19235,9613,9621,1,4600,2197,2402,1
NAROWAL,37,22643,11320,11321,2,18470,9312,9156,2,4173,2008,2165,
NAROWAL,38,23791,11992,11799,,19229,9724,9505,,4562,2268,2294,
NAROWAL,39,21720,10894,10825,1,17650,8909,8740,1,4070,1985,2085,
NAROWAL,40,22541,11519,11015,7,18021,9297,8721,3,4520,2222,2294,4
NAROWAL,41,18565,9103,9461,1,15018,7411,7606,1,3547,1692,1855,
NAROWAL,42,23151,11441,11708,2,18605,9199,9404,2,4546,2242,2304,
NAROWAL,43,18776,9443,9331,2,15293,7684,7608,1,3483,1759,1723,1
NAROWAL,44,20053,10309,9741,3,16142,8326,7815,1,3911,1983,1926,2
NAROWAL,45,18602,10072,8521,9,14643,7965,6675,3,3959,2107,1846,6
NAROWAL,46,17289,9070,8218,1,13868,7319,6549,,3421,1751,1669,1
NAROWAL,47,15470,7941,7529,,12357,6326,6031,,3113,1615,1498,
NAROWAL,48,15239,7466,7772,1,12253,5948,6304,1,2986,1518,1468,
NAROWAL,49,14563,7538,7024,1,11544,5957,5587,,3019,1581,1437,1
NAROWAL,50,15345,7853,7488,4,12138,6200,5935,3,3207,1653,1553,1
NAROWAL,51,12966,6891,6075,,10276,5473,4803,,2690,1418,1272,
NAROWAL,52,14954,7644,7309,1,12153,6140,6012,1,2801,1504,1297,
NAROWAL,53,12369,6390,5979,,10034,5107,4927,,2335,1283,1052,
NAROWAL,54,13339,6893,6445,1,10657,5496,5160,1,2682,1397,1285,
NAROWAL,55,13249,7153,6095,1,10610,5737,4873,,2639,1416,1222,1
NAROWAL,56,12118,6455,5663,,9696,5163,4533,,2422,1292,1130,
NAROWAL,57,11408,6035,5373,,9287,4929,4358,,2121,1106,1015,
NAROWAL,58,11170,5754,5414,2,9122,4673,4448,1,2048,1081,966,1
NAROWAL,59,9756,5203,4552,1,7831,4141,3689,1,1925,1062,863,
NAROWAL,60,11834,6264,5570,,9711,5126,4585,,2123,1138,985,
NAROWAL,61,9205,5060,4145,,7432,4107,3325,,1773,953,820,
NAROWAL,62,9200,5112,4088,,7509,4124,3385,,1691,988,703,
NAROWAL,63,8147,4440,3707,,6811,3677,3134,,1336,763,573,
NAROWAL,64,8171,4286,3885,,6710,3500,3210,,1461,786,675,
NAROWAL,65,10142,4761,5380,1,8401,3956,4445,,1741,805,935,1
NAROWAL,66,6618,3630,2988,,5439,2953,2486,,1179,677,502,
NAROWAL,67,5949,3233,2716,,4959,2677,2282,,990,556,434,
NAROWAL,68,5444,3051,2393,,4573,2531,2042,,871,520,351,
NAROWAL,69,5240,2654,2586,,4327,2163,2164,,913,491,422,
NAROWAL,70,7884,3931,3953,,6738,3353,3385,,1146,578,568,
NAROWAL,71,3431,2567,864,,2929,2166,763,,502,401,101,
NAROWAL,72,4546,2435,2111,,3901,2098,1803,,645,337,308,
NAROWAL,73,3824,2170,1654,,3261,1823,1438,,563,347,216,
NAROWAL,74,4344,2147,2197,,3701,1819,1882,,643,328,315,
NAROWAL,75 & ABOVE,31168,16984,14184,,26895,14618,12277,,4273,2366,1907,
OKARA,ALL AGES,3503451,1783966,1719150,335,2327975,1187264,1140630,81,1175476,596702,578520,254
OKARA,BELOW 1,83210,42016,41194,,57199,29059,28140,,26011,12957,13054,
OKARA,01,94615,47804,46811,,65988,33475,32513,,28627,14329,14298,
OKARA,02,104989,53055,51934,,72973,36900,36073,,32016,16155,15861,
OKARA,03,111847,56274,55573,,77807,39349,38458,,34040,16925,17115,
OKARA,04,115835,58205,57630,,79855,40122,39733,,35980,18083,17897,
OKARA,05,94406,48118,46288,,65007,33025,31982,,29399,15093,14306,
OKARA,06,93882,47307,46575,,64572,32636,31936,,29310,14671,14639,
OKARA,07,91562,45712,45850,,62359,31248,31111,,29203,14464,14739,
OKARA,08,90997,45570,45427,,62675,31406,31269,,28322,14164,14158,
OKARA,09,77202,38619,38583,,52057,26100,25957,,25145,12519,12626,
OKARA,10,89108,44751,44357,,60444,30419,30025,,28664,14332,14332,
OKARA,11,80465,40727,39738,,52751,26721,26030,,27714,14006,13708,
OKARA,12,84484,42587,41897,,56349,28375,27974,,28135,14212,13923,
OKARA,13,76636,38802,37834,,49661,25142,24519,,26975,13660,13315,
OKARA,14,77727,39195,38527,5,50896,25649,25244,3,26831,13546,13283,2
OKARA,15,71636,36003,35628,5,47563,23944,23617,2,24073,12059,12011,3
OKARA,16,71237,36423,34809,5,46963,24097,22863,3,24274,12326,11946,2
OKARA,17,65791,33771,32014,6,42823,22020,20802,1,22968,11751,11212,5
OKARA,18,70627,35243,35378,6,47027,23469,23555,3,23600,11774,11823,3
OKARA,19,61117,30981,30131,5,39807,20220,19584,3,21310,10761,10547,2
OKARA,20,67373,32987,34378,8,45606,22353,23250,3,21767,10634,11128,5
OKARA,21,55213,27669,27542,2,35437,17816,17621,,19776,9853,9921,2
OKARA,22,62901,31396,31489,16,41261,20786,20474,1,21640,10610,11015,15
OKARA,23,52262,26272,25981,9,33750,17314,16436,,18512,8958,9545,9
OKARA,24,54064,27353,26700,11,34734,17711,17023,,19330,9642,9677,11
OKARA,25,63749,32582,31144,23,43177,22086,21086,5,20572,10496,10058,18
OKARA,26,55576,27519,28048,9,35567,17888,17678,1,20009,9631,10370,8
OKARA,27,50806,25558,25240,8,32410,16569,15839,2,18396,8989,9401,6
OKARA,28,51725,25453,26259,13,33175,16554,16619,2,18550,8899,9640,11
OKARA,29,44037,20040,23992,5,28267,12911,15355,1,15770,7129,8637,4
OKARA,30,53358,25354,27979,25,34998,16774,18218,6,18360,8580,9761,19
OKARA,31,46277,22694,23583,,29781,14675,15106,,16496,8019,8477,
OKARA,32,46209,22886,23314,9,28406,14121,14285,,17803,8765,9029,9
OKARA,33,43464,21480,21976,8,27874,13797,14074,3,15590,7683,7902,5
OKARA,34,41811,20426,21382,3,26519,12992,13527,,15292,7434,7855,3
OKARA,35,47988,24335,23633,20,31130,15672,15456,2,16858,8663,8177,18
OKARA,36,42209,21641,20560,8,25897,13308,12586,3,16312,8333,7974,5
OKARA,37,40293,20942,19346,5,25606,13255,12351,,14687,7687,6995,5
OKARA,38,40908,21251,19651,6,25873,13371,12499,3,15035,7880,7152,3
OKARA,39,41030,20901,20122,7,25943,13077,12864,2,15087,7824,7258,5
OKARA,40,41321,21149,20154,18,26443,13439,12997,7,14878,7710,7157,11
OKARA,41,37540,19020,18515,5,24537,12460,12076,1,13003,6560,6439,4
OKARA,42,38558,19957,18596,5,24637,12714,11922,1,13921,7243,6674,4
OKARA,43,37419,19664,17754,1,25020,13066,11953,1,12399,6598,5801,
OKARA,44,35973,19014,16958,1,23210,12240,10969,1,12763,6774,5989,
OKARA,45,35745,19047,16679,19,23246,12345,10896,5,12499,6702,5783,14
OKARA,46,30869,16664,14202,3,19636,10577,9059,,11233,6087,5143,3
OKARA,47,28828,15369,13455,4,18821,9978,8843,,10007,5391,4612,4
OKARA,48,28810,14817,13992,1,19250,9807,9442,1,9560,5010,4550,
OKARA,49,27087,14277,12810,,17434,9145,8289,,9653,5132,4521,
OKARA,50,27921,14286,13623,12,18260,9233,9024,3,9661,5053,4599,9
OKARA,51,24213,12793,11419,1,15915,8417,7498,,8298,4376,3921,1
OKARA,52,24278,12977,11297,4,15908,8395,7511,2,8370,4582,3786,2
OKARA,53,24430,12798,11629,3,16745,8733,8012,,7685,4065,3617,3
OKARA,54,23465,12612,10853,,15255,8225,7030,,8210,4387,3823,
OKARA,55,23901,12979,10912,10,15946,8707,7236,3,7955,4272,3676,7
OKARA,56,21221,11420,9800,1,13819,7461,6357,1,7402,3959,3443,
OKARA,57,19802,10664,9135,3,13258,7147,6110,1,6544,3517,3025,2
OKARA,58,20449,10998,9450,1,13920,7465,6455,,6529,3533,2995,1
OKARA,59,17070,9183,7886,1,11037,5916,5120,1,6033,3267,2766,
OKARA,60,20685,10979,9705,1,13913,7351,6562,,6772,3628,3143,1
OKARA,61,16592,8994,7598,,10927,5941,4986,,5665,3053,2612,
OKARA,62,14569,8366,6202,1,9623,5491,4131,1,4946,2875,2071,
OKARA,63,15966,8614,7349,3,10957,5856,5101,,5009,2758,2248,3
OKARA,64,13924,7334,6590,,9269,4880,4389,,4655,2454,2201,
OKARA,65,17690,8623,9066,1,12138,5892,6245,1,5552,2731,2821,
OKARA,66,11040,5956,5083,1,7381,3937,3444,,3659,2019,1639,1
OKARA,67,10204,5662,4541,1,6884,3765,3119,,3320,1897,1422,1
OKARA,68,9220,5226,3994,,6416,3545,2871,,2804,1681,1123,
OKARA,69,9465,4916,4547,2,6372,3270,3101,1,3093,1646,1446,1
OKARA,70,13135,6893,6240,2,9287,4865,4422,,3848,2028,1818,2
OKARA,71,6385,4695,1690,,4462,3279,1183,,1923,1416,507,
OKARA,72,6876,3730,3146,,4779,2551,2228,,2097,1179,918,
OKARA,73,6902,4029,2873,,4867,2833,2034,,2035,1196,839,
OKARA,74,6930,3668,3262,,4895,2608,2287,,2035,1060,975,
OKARA,75 & ABOVE,46342,26691,19648,3,33321,19324,13996,1,13021,7367,5652,2
PAKPATTAN,ALL AGES,2135511,1085000,1050351,160,1662991,845572,817371,48,472520,239428,232980,112
PAKPATTAN,BELOW 1,60602,30656,29946,,47947,24236,23711,,12655,6420,6235,
PAKPATTAN,01,60079,30393,29686,,47922,24317,23605,,12157,6076,6081,
PAKPATTAN,02,68148,34269,33879,,54450,27359,27091,,13698,6910,6788,
PAKPATTAN,03,73288,37031,36257,,58087,29281,28806,,15201,7750,7451,
PAKPATTAN,04,77632,39488,38144,,61539,31246,30293,,16093,8242,7851,
PAKPATTAN,05,57319,29109,28210,,45658,23238,22420,,11661,5871,5790,
PAKPATTAN,06,56473,28570,27903,,45150,22953,22197,,11323,5617,5706,
PAKPATTAN,07,56421,28185,28236,,44865,22445,22420,,11556,5740,5816,
PAKPATTAN,08,53946,27182,26764,,42811,21687,21124,,11135,5495,5640,
PAKPATTAN,09,49649,24694,24955,,38891,19367,19524,,10758,5327,5431,
PAKPATTAN,10,53999,27177,26822,,42795,21587,21208,,11204,5590,5614,
PAKPATTAN,11,51405,25803,25602,,39859,20012,19847,,11546,5791,5755,
PAKPATTAN,12,50597,25647,24950,,39340,19898,19442,,11257,5749,5508,
PAKPATTAN,13,47717,24289,23428,,36529,18516,18013,,11188,5773,5415,
PAKPATTAN,14,47871,24253,23616,2,36889,18525,18363,1,10982,5728,5253,1
PAKPATTAN,15,43904,22378,21521,5,34086,17293,16790,3,9818,5085,4731,2
PAKPATTAN,16,43083,22134,20947,2,33222,17025,16197,,9861,5109,4750,2
PAKPATTAN,17,40683,20573,20106,4,31156,15824,15331,1,9527,4749,4775,3
PAKPATTAN,18,39447,19502,19941,4,31036,15332,15703,1,8411,4170,4238,3
PAKPATTAN,19,35881,18184,17692,5,27474,13945,13529,,8407,4239,4163,5
PAKPATTAN,20,38236,18731,19500,5,30043,14729,15313,1,8193,4002,4187,4
PAKPATTAN,21,32816,16629,16186,1,24870,12670,12200,,7946,3959,3986,1
PAKPATTAN,22,35767,17985,17778,4,27499,13907,13590,2,8268,4078,4188,2
PAKPATTAN,23,30982,15785,15193,4,23641,12125,11514,2,7341,3660,3679,2
PAKPATTAN,24,31991,16087,15897,7,24299,12350,11947,2,7692,3737,3950,5
PAKPATTAN,25,35131,17843,17285,3,27739,14077,13661,1,7392,3766,3624,2
PAKPATTAN,26,32913,16346,16565,2,25224,12647,12577,,7689,3699,3988,2
PAKPATTAN,27,31118,15591,15524,3,23818,12045,11773,,7300,3546,3751,3
PAKPATTAN,28,29359,14431,14922,6,22490,11153,11337,,6869,3278,3585,6
PAKPATTAN,29,27364,12550,14813,1,20901,9612,11289,,6463,2938,3524,1
PAKPATTAN,30,28245,13805,14430,10,22019,10721,11296,2,6226,3084,3134,8
PAKPATTAN,31,27806,13489,14317,,21196,10282,10914,,6610,3207,3403,
PAKPATTAN,32,27176,13201,13969,6,20511,9958,10553,,6665,3243,3416,6
PAKPATTAN,33,27635,13348,14284,3,20980,10156,10823,1,6655,3192,3461,2
PAKPATTAN,34,27217,13345,13871,1,20701,10212,10488,1,6516,3133,3383,
PAKPATTAN,35,25318,13071,12232,15,19742,10188,9547,7,5576,2883,2685,8
PAKPATTAN,36,25069,12796,12269,4,18832,9604,9228,,6237,3192,3041,4
PAKPATTAN,37,26397,13365,13031,1,20178,10234,9944,,6219,3131,3087,1
PAKPATTAN,38,23113,12080,11031,2,17409,8988,8420,1,5704,3092,2611,1
PAKPATTAN,39,23939,12340,11597,2,18067,9295,8772,,5872,3045,2825,2
PAKPATTAN,40,21501,11054,10433,14,16462,8406,8052,4,5039,2648,2381,10
PAKPATTAN,41,23714,12138,11574,2,18205,9347,8858,,5509,2791,2716,2
PAKPATTAN,42,24933,12674,12256,3,19204,9769,9434,1,5729,2905,2822,2
PAKPATTAN,43,24611,12550,12059,2,19281,9873,9408,,5330,2677,2651,2
PAKPATTAN,44,22700,11859,10840,1,17328,9083,8244,1,5372,2776,2596,
PAKPATTAN,45,18230,9729,8492,9,14072,7482,6585,5,4158,2247,1907,4
PAKPATTAN,46,18451,9741,8708,2,14029,7408,6621,,4422,2333,2087,2
PAKPATTAN,47,19215,9969,9244,2,14804,7623,7181,,4411,2346,2063,2
PAKPATTAN,48,17596,8818,8775,3,13665,6826,6837,2,3931,1992,1938,1
PAKPATTAN,49,15593,8165,7428,,11884,6225,5659,,3709,1940,1769,
PAKPATTAN,50,14322,7322,6992,8,10969,5613,5354,2,3353,1709,1638,6
PAKPATTAN,51,14891,7843,7048,,11402,5948,5454,,3489,1895,1594,
PAKPATTAN,52,16626,8494,8130,2,12822,6505,6316,1,3804,1989,1814,1
PAKPATTAN,53,16294,8038,8255,1,12847,6330,6516,1,3447,1708,1739,
PAKPATTAN,54,14170,7544,6623,3,10714,5716,4998,,3456,1828,1625,3
PAKPATTAN,55,12539,6931,5606,2,9712,5365,4345,2,2827,1566,1261,
PAKPATTAN,56,12649,6949,5700,,9467,5192,4275,,3182,1757,1425,
PAKPATTAN,57,13569,7171,6397,1,10534,5567,4967,,3035,1604,1430,1
PAKPATTAN,58,12876,6770,6106,,10124,5332,4792,,2752,1438,1314,
PAKPATTAN,59,10278,5816,4462,,7875,4495,3380,,2403,1321,1082,
PAKPATTAN,60,10834,5923,4909,2,8510,4631,3877,2,2324,1292,1032,
PAKPATTAN,61,9976,5485,4490,1,7719,4236,3482,1,2257,1249,1008,
PAKPATTAN,62,9849,5269,4580,,7787,4142,3645,,2062,1127,935,
PAKPATTAN,63,10244,5283,4961,,8242,4223,4019,,2002,1060,942,
PAKPATTAN,64,8135,4315,3820,,6391,3384,3007,,1744,931,813,
PAKPATTAN,65,9253,4588,4665,,7317,3626,3691,,1936,962,974,
PAKPATTAN,66,6976,3769,3207,,5387,2905,2482,,1589,864,725,
PAKPATTAN,67,6738,3638,3100,,5248,2830,2418,,1490,808,682,
PAKPATTAN,68,5688,3083,2605,,4542,2484,2058,,1146,599,547,
PAKPATTAN,69,5490,2802,2688,,4392,2234,2158,,1098,568,530,
PAKPATTAN,70,7220,3786,3434,,5746,2994,2752,,1474,792,682,
PAKPATTAN,71,4188,2874,1314,,3314,2289,1025,,874,585,289,
PAKPATTAN,72,4667,2385,2282,,3788,1957,1831,,879,428,451,
PAKPATTAN,73,4424,2345,2079,,3617,1927,1690,,807,418,389,
PAKPATTAN,74,4227,2158,2069,,3452,1785,1667,,775,373,402,
PAKPATTAN,75 & ABOVE,27108,15387,11721,,22274,12781,9493,,4834,2606,2228,
RAHIM YAR KHAN,ALL AGES,5561720,2895390,2665779,551,4221634,2202377,2019061,196,1340086,693013,646718,355
RAHIM YAR KHAN,BELOW 1,130949,69354,61595,,100725,53342,47383,,30224,16012,14212,
RAHIM YAR KHAN,01,162302,84288,78014,,126927,65785,61142,,35375,18503,16872,
RAHIM YAR KHAN,02,183265,95301,87964,,144336,75093,69243,,38929,20208,18721,
RAHIM YAR KHAN,03,196155,102677,93478,,155037,81293,73744,,41118,21384,19734,
RAHIM YAR KHAN,04,211535,110362,101173,,168348,87653,80695,,43187,22709,20478,
RAHIM YAR KHAN,05,169874,89199,80675,,134585,70917,63668,,35289,18282,17007,
RAHIM YAR KHAN,06,171380,89372,82008,,135940,71014,64926,,35440,18358,17082,
RAHIM YAR KHAN,07,160888,84144,76744,,126276,66163,60113,,34612,17981,16631,
RAHIM YAR KHAN,08,163613,86398,77215,,130963,69390,61573,,32650,17008,15642,
RAHIM YAR KHAN,09,134280,69577,64703,,103351,53588,49763,,30929,15989,14940,
RAHIM YAR KHAN,10,154356,82924,71432,,121837,65598,56239,,32519,17326,15193,
RAHIM YAR KHAN,11,131025,69746,61279,,98139,52243,45896,,32886,17503,15383,
RAHIM YAR KHAN,12,140324,75937,64387,,107924,58505,49419,,32400,17432,14968,
RAHIM YAR KHAN,13,123444,66165,57279,,92239,49585,42654,,31205,16580,14625,
RAHIM YAR KHAN,14,126577,67109,59459,9,95898,50923,44972,3,30679,16186,14487,6
RAHIM YAR KHAN,15,115891,62144,53738,9,87736,47260,40468,8,28155,14884,13270,1
RAHIM YAR KHAN,16,115134,61422,53702,10,87112,46544,40561,7,28022,14878,13141,3
RAHIM YAR KHAN,17,99241,52980,46256,5,72981,39094,33882,5,26260,13886,12374,
RAHIM YAR KHAN,18,115159,60372,54775,12,88315,46172,42135,8,26844,14200,12640,4
RAHIM YAR KHAN,19,98383,50852,47516,15,72020,37215,34798,7,26363,13637,12718,8
RAHIM YAR KHAN,20,108412,55326,53073,13,83343,42477,40859,7,25069,12849,12214,6
RAHIM YAR KHAN,21,87644,44419,43216,9,63563,32246,31315,2,24081,12173,11901,7
RAHIM YAR KHAN,22,96469,49356,47080,33,71842,37091,34739,12,24627,12265,12341,21
RAHIM YAR KHAN,23,84239,43021,41204,14,62027,31917,30105,5,22212,11104,11099,9
RAHIM YAR KHAN,24,89395,45823,43549,23,65883,34077,31804,2,23512,11746,11745,21
RAHIM YAR KHAN,25,99772,54311,45425,36,77149,42251,34884,14,22623,12060,10541,22
RAHIM YAR KHAN,26,85971,44219,41734,18,63162,32957,30198,7,22809,11262,11536,11
RAHIM YAR KHAN,27,78351,40796,37538,17,57549,30273,27271,5,20802,10523,10267,12
RAHIM YAR KHAN,28,81201,40335,40848,18,60644,30434,30203,7,20557,9901,10645,11
RAHIM YAR KHAN,29,68103,30887,37204,12,50146,22688,27452,6,17957,8199,9752,6
RAHIM YAR KHAN,30,77239,39167,38037,35,58661,29928,28721,12,18578,9239,9316,23
RAHIM YAR KHAN,31,67185,32763,34412,10,49368,24238,25127,3,17817,8525,9285,7
RAHIM YAR KHAN,32,67405,33301,34074,30,48599,24127,24466,6,18806,9174,9608,24
RAHIM YAR KHAN,33,67809,33278,34522,9,50049,24512,25536,1,17760,8766,8986,8
RAHIM YAR KHAN,34,63582,31018,32556,8,46472,22726,23742,4,17110,8292,8814,4
RAHIM YAR KHAN,35,67721,34887,32796,38,50945,26345,24593,7,16776,8542,8203,31
RAHIM YAR KHAN,36,62274,31237,31022,15,44768,22569,22195,4,17506,8668,8827,11
RAHIM YAR KHAN,37,62420,32499,29916,5,45617,23829,21786,2,16803,8670,8130,3
RAHIM YAR KHAN,38,65212,33458,31735,19,47907,24630,23271,6,17305,8828,8464,13
RAHIM YAR KHAN,39,59190,29801,29384,5,43276,21702,21572,2,15914,8099,7812,3
RAHIM YAR KHAN,40,58091,28833,29230,28,43487,21545,21933,9,14604,7288,7297,19
RAHIM YAR KHAN,41,54983,27910,27070,3,41212,21112,20099,1,13771,6798,6971,2
RAHIM YAR KHAN,42,56385,29007,27369,9,41458,21384,20072,2,14927,7623,7297,7
RAHIM YAR KHAN,43,57695,30455,27238,2,43536,23058,20476,2,14159,7397,6762,
RAHIM YAR KHAN,44,52280,27205,25073,2,38386,19910,18475,1,13894,7295,6598,1
RAHIM YAR KHAN,45,49053,25646,23394,13,36517,19161,17350,6,12536,6485,6044,7
RAHIM YAR KHAN,46,43304,22694,20608,2,31269,16325,14942,2,12035,6369,5666,
RAHIM YAR KHAN,47,41000,21377,19620,3,29989,15531,14458,,11011,5846,5162,3
RAHIM YAR KHAN,48,43299,21904,21387,8,32353,16311,16041,1,10946,5593,5346,7
RAHIM YAR KHAN,49,39038,20282,18754,2,28339,14694,13644,1,10699,5588,5110,1
RAHIM YAR KHAN,50,38808,19546,19253,9,28857,14488,14367,2,9951,5058,4886,7
RAHIM YAR KHAN,51,35316,18492,16823,1,25871,13552,12318,1,9445,4940,4505,
RAHIM YAR KHAN,52,36679,19151,17524,4,26649,13902,12745,2,10030,5249,4779,2
RAHIM YAR KHAN,53,36999,19337,17661,1,27668,14439,13229,,9331,4898,4432,1
RAHIM YAR KHAN,54,34186,18134,16052,,24834,13197,11637,,9352,4937,4415,
RAHIM YAR KHAN,55,32696,17505,15187,4,24312,13052,11258,2,8384,4453,3929,2
RAHIM YAR KHAN,56,28743,15595,13146,2,20824,11344,9479,1,7919,4251,3667,1
RAHIM YAR KHAN,57,27588,14961,12625,2,20163,10909,9253,1,7425,4052,3372,1
RAHIM YAR KHAN,58,26814,14232,12581,1,19929,10576,9353,,6885,3656,3228,1
RAHIM YAR KHAN,59,23247,12675,10572,,16633,9082,7551,,6614,3593,3021,
RAHIM YAR KHAN,60,27554,13950,13597,7,20787,10468,10318,1,6767,3482,3279,6
RAHIM YAR KHAN,61,22515,12085,10428,2,16324,8747,7575,2,6191,3338,2853,
RAHIM YAR KHAN,62,20386,11092,9293,1,14764,7972,6792,,5622,3120,2501,1
RAHIM YAR KHAN,63,21320,11192,10126,2,15955,8274,7680,1,5365,2918,2446,1
RAHIM YAR KHAN,64,18120,9189,8930,1,13175,6620,6555,,4945,2569,2375,1
RAHIM YAR KHAN,65,23420,10818,12598,4,17614,8132,9479,3,5806,2686,3119,1
RAHIM YAR KHAN,66,16510,8694,7816,,12099,6358,5741,,4411,2336,2075,
RAHIM YAR KHAN,67,15397,8320,7075,2,11367,6111,5256,,4030,2209,1819,2
RAHIM YAR KHAN,68,13586,7216,6369,1,10155,5293,4861,1,3431,1923,1508,
RAHIM YAR KHAN,69,12741,6281,6460,,9445,4668,4777,,3296,1613,1683,
RAHIM YAR KHAN,70,17132,8728,8400,4,13284,6757,6527,,3848,1971,1873,4
RAHIM YAR KHAN,71,8623,6235,2388,,6465,4639,1826,,2158,1596,562,
RAHIM YAR KHAN,72,10618,5728,4888,2,8170,4456,3714,,2448,1272,1174,2
RAHIM YAR KHAN,73,10580,5973,4607,,8347,4698,3649,,2233,1275,958,
RAHIM YAR KHAN,74,8975,4595,4380,,6891,3510,3381,,2084,1085,999,
RAHIM YAR KHAN,75 & ABOVE,54670,30128,24540,2,42847,23708,19137,2,11823,6420,5403,
RAJANPUR,ALL AGES,2323980,1181789,1142073,118,1694281,865366,828896,19,629699,316423,313177,99
RAJANPUR,BELOW 1,54793,27850,26943,,40742,20644,20098,,14051,7206,6845,
RAJANPUR,01,80952,40910,40042,,60970,30891,30079,,19982,10019,9963,
RAJANPUR,02,93555,46689,46866,,71929,35975,35954,,21626,10714,10912,
RAJANPUR,03,97105,49199,47906,,74279,37697,36582,,22826,11502,11324,
RAJANPUR,04,105854,53476,52378,,81136,41075,40061,,24718,12401,12317,
RAJANPUR,05,83260,42581,40679,,64268,32999,31269,,18992,9582,9410,
RAJANPUR,06,84644,42783,41861,,65424,33296,32128,,19220,9487,9733,
RAJANPUR,07,75365,37881,37484,,57459,29036,28423,,17906,8845,9061,
RAJANPUR,08,80548,40760,39788,,62403,31692,30711,,18145,9068,9077,
RAJANPUR,09,60819,30855,29964,,45427,23229,22198,,15392,7626,7766,
RAJANPUR,10,73855,37178,36677,,56395,28540,27855,,17460,8638,8822,
RAJANPUR,11,56509,29068,27441,,41139,21373,19766,,15370,7695,7675,
RAJANPUR,12,63240,31987,31253,,46867,23869,22998,,16373,8118,8255,
RAJANPUR,13,54077,28020,26057,,38997,20396,18601,,15080,7624,7456,
RAJANPUR,14,55589,28265,27318,6,40284,20677,19604,3,15305,7588,7714,3
RAJANPUR,15,49240,25391,23843,6,35408,18500,16904,4,13832,6891,6939,2
RAJANPUR,16,49091,25709,23379,3,35520,18869,16649,2,13571,6840,6730,1
RAJANPUR,17,40079,20771,19308,,27561,14587,12974,,12518,6184,6334,
RAJANPUR,18,47073,22880,24192,1,33482,16317,17164,1,13591,6563,7028,
RAJANPUR,19,38672,19683,18988,1,27041,13850,13191,,11631,5833,5797,1
RAJANPUR,20,43926,21576,22347,3,31734,15692,16041,1,12192,5884,6306,2
RAJANPUR,21,34682,17205,17475,2,24135,12016,12119,,10547,5189,5356,2
RAJANPUR,22,34700,17737,16957,6,24305,12564,11741,,10395,5173,5216,6
RAJANPUR,23,33354,16426,16922,6,23683,11802,11881,,9671,4624,5041,6
RAJANPUR,24,32109,16543,15564,2,22266,11676,10590,,9843,4867,4974,2
RAJANPUR,25,38313,20669,17635,9,27898,15322,12575,1,10415,5347,5060,8
RAJANPUR,26,29555,15179,14373,3,20251,10617,9634,,9304,4562,4739,3
RAJANPUR,27,27576,13925,13649,2,18981,9774,9207,,8595,4151,4442,2
RAJANPUR,28,28220,13555,14661,4,19324,9302,10021,1,8896,4253,4640,3
RAJANPUR,29,24112,10440,13669,3,16390,7062,9328,,7722,3378,4341,3
RAJANPUR,30,27555,13742,13808,5,19650,9782,9868,,7905,3960,3940,5
RAJANPUR,31,25035,12242,12793,,17441,8496,8945,,7594,3746,3848,
RAJANPUR,32,22690,10963,11723,4,15077,7266,7811,,7613,3697,3912,4
RAJANPUR,33,27471,12758,14711,2,19532,8968,10564,,7939,3790,4147,2
RAJANPUR,34,23249,11384,11863,2,15849,7741,8107,1,7400,3643,3756,1
RAJANPUR,35,25296,12924,12365,7,18034,9217,8816,1,7262,3707,3549,6
RAJANPUR,36,22439,11627,10809,3,15301,7935,7366,,7138,3692,3443,3
RAJANPUR,37,22799,11728,11068,3,15686,8106,7580,,7113,3622,3488,3
RAJANPUR,38,26638,13189,13445,4,18894,9201,9692,1,7744,3988,3753,3
RAJANPUR,39,21851,11117,10733,1,15257,7716,7541,,6594,3401,3192,1
RAJANPUR,40,21100,10387,10712,1,14905,7194,7711,,6195,3193,3001,1
RAJANPUR,41,22116,11188,10927,1,15682,7847,7835,,6434,3341,3092,1
RAJANPUR,42,20403,10596,9804,3,13706,7162,6544,,6697,3434,3260,3
RAJANPUR,43,26819,13983,12833,3,19837,10356,9481,,6982,3627,3352,3
RAJANPUR,44,18081,9462,8616,3,12450,6431,6019,,5631,3031,2597,3
RAJANPUR,45,18136,9941,8187,8,13008,7089,5918,1,5128,2852,2269,7
RAJANPUR,46,15437,8254,7181,2,10603,5590,5013,,4834,2664,2168,2
RAJANPUR,47,14265,7578,6686,1,9802,5236,4566,,4463,2342,2120,1
RAJANPUR,48,18276,9162,9114,,13199,6588,6611,,5077,2574,2503,
RAJANPUR,49,13331,7166,6165,,9298,4943,4355,,4033,2223,1810,
RAJANPUR,50,13241,6692,6546,3,9548,4836,4711,1,3693,1856,1835,2
RAJANPUR,51,12687,6742,5945,,8921,4734,4187,,3766,2008,1758,
RAJANPUR,52,11946,6341,5605,,7914,4253,3661,,4032,2088,1944,
RAJANPUR,53,15561,7758,7802,1,11532,5716,5816,,4029,2042,1986,1
RAJANPUR,54,10948,5977,4971,,7426,4121,3305,,3522,1856,1666,
RAJANPUR,55,11264,6299,4964,1,7953,4452,3501,,3311,1847,1463,1
RAJANPUR,56,9745,5411,4334,,6611,3708,2903,,3134,1703,1431,
RAJANPUR,57,8878,4930,3948,,5979,3325,2654,,2899,1605,1294,
RAJANPUR,58,10229,5138,5091,,7252,3619,3633,,2977,1519,1458,
RAJANPUR,59,7574,4218,3356,,5091,2856,2235,,2483,1362,1121,
RAJANPUR,60,9794,5172,4621,1,7061,3774,3286,1,2733,1398,1335,
RAJANPUR,61,7620,4242,3378,,5238,2954,2284,,2382,1288,1094,
RAJANPUR,62,6236,3452,2783,1,4140,2270,1870,,2096,1182,913,1
RAJANPUR,63,8758,4520,4238,,6414,3283,3131,,2344,1237,1107,
RAJANPUR,64,5651,2939,2712,,3796,1981,1815,,1855,958,897,
RAJANPUR,65,7669,3680,3988,1,5472,2637,2835,,2197,1043,1153,1
RAJANPUR,66,4986,2586,2400,,3377,1765,1612,,1609,821,788,
RAJANPUR,67,4970,2660,2310,,3368,1825,1543,,1602,835,767,
RAJANPUR,68,5159,2542,2617,,3732,1835,1897,,1427,707,720,
RAJANPUR,69,4058,2061,1997,,2773,1431,1342,,1285,630,655,
RAJANPUR,70,6321,3230,3091,,4663,2400,2263,,1658,830,828,
RAJANPUR,71,3129,2114,1015,,2174,1492,682,,955,622,333,
RAJANPUR,72,4017,2188,1829,,2847,1584,1263,,1170,604,566,
RAJANPUR,73,4747,2435,2312,,3565,1845,1720,,1182,590,592,
RAJANPUR,74,3024,1551,1473,,2130,1095,1035,,894,456,438,
RAJANPUR,75 & ABOVE,21914,12329,9585,,16395,9372,7023,,5519,2957,2562,
RAWALPINDI,ALL AGES,6058540,3080830,2976366,1344,1907111,940438,966634,39,4151429,2140392,2009732,1305
RAWALPINDI,BELOW 1,99994,49826,50168,,31931,15860,16071,,68063,33966,34097,
RAWALPINDI,01,139606,70816,68790,,43422,21943,21479,,96184,48873,47311,
RAWALPINDI,02,153629,77154,76475,,46649,23293,23356,,106980,53861,53119,
RAWALPINDI,03,163663,81289,82374,,49256,24269,24987,,114407,57020,57387,
RAWALPINDI,04,163827,81869,81958,,48044,23589,24455,,115783,58280,57503,
RAWALPINDI,05,135542,67624,67918,,42543,20963,21580,,92999,46661,46338,
RAWALPINDI,06,134313,67444,66869,,42182,21106,21076,,92131,46338,45793,
RAWALPINDI,07,129840,65135,64705,,41173,20336,20837,,88667,44799,43868,
RAWALPINDI,08,123127,61497,61630,,38485,18913,19572,,84642,42584,42058,
RAWALPINDI,09,118058,59117,58941,,37252,18488,18764,,80806,40629,40177,
RAWALPINDI,10,125200,61663,63537,,37482,18106,19376,,87718,43557,44161,
RAWALPINDI,11,132748,66345,66403,,41250,20283,20967,,91498,46062,45436,
RAWALPINDI,12,134374,67019,67355,,41469,20404,21065,,92905,46615,46290,
RAWALPINDI,13,133803,67423,66380,,41698,20834,20864,,92105,46589,45516,
RAWALPINDI,14,130955,66947,63995,13,40397,20238,20159,,90558,46709,43836,13
RAWALPINDI,15,120642,59886,60745,11,36522,17746,18775,1,84120,42140,41970,10
RAWALPINDI,16,118202,60367,57826,9,36123,17920,18201,2,82079,42447,39625,7
RAWALPINDI,17,117260,58793,58459,8,36985,17957,19028,,80275,40836,39431,8
RAWALPINDI,18,106530,53351,53160,19,31483,15235,16248,,75047,38116,36912,19
RAWALPINDI,19,110838,56184,54633,21,33459,16478,16980,1,77379,39706,37653,20
RAWALPINDI,20,102460,51171,51261,28,30664,14790,15873,1,71796,36381,35388,27
RAWALPINDI,21,111164,56676,54463,25,32469,15849,16620,,78695,40827,37843,25
RAWALPINDI,22,108330,54309,53972,49,32978,15958,17018,2,75352,38351,36954,47
RAWALPINDI,23,104083,52659,51377,47,30684,14761,15922,1,73399,37898,35455,46
RAWALPINDI,24,105052,52227,52775,50,31942,15227,16714,1,73110,37000,36061,49
RAWALPINDI,25,98692,53043,45555,94,28301,14423,13878,,70391,38620,31677,94
RAWALPINDI,26,107761,53308,54408,45,32924,15498,17426,,74837,37810,36982,45
RAWALPINDI,27,98022,48711,49273,38,30481,14628,15851,2,67541,34083,33422,36
RAWALPINDI,28,98858,49332,49463,63,29503,13997,15505,1,69355,35335,33958,62
RAWALPINDI,29,91363,43031,48296,36,27961,12388,15573,,63402,30643,32723,36
RAWALPINDI,30,91627,44572,46980,75,27686,13107,14578,1,63941,31465,32402,74
RAWALPINDI,31,91007,44488,46501,18,28956,13478,15477,1,62051,31010,31024,17
RAWALPINDI,32,98951,48581,50288,82,30305,14194,16108,3,68646,34387,34180,79
RAWALPINDI,33,82865,40520,42306,39,26005,12061,13944,,56860,28459,28362,39
RAWALPINDI,34,87432,41870,45539,23,27923,12906,15015,2,59509,28964,30524,21
RAWALPINDI,35,82485,41739,40645,101,24519,11841,12676,2,57966,29898,27969,99
RAWALPINDI,36,97532,48953,48502,77,29844,14206,15636,2,67688,34747,32866,75
RAWALPINDI,37,82677,41928,40733,16,26457,12963,13493,1,56220,28965,27240,15
RAWALPINDI,38,89380,46779,42557,44,27180,13939,13241,,62200,32840,29316,44
RAWALPINDI,39,83873,42868,40977,28,26042,12833,13209,,57831,30035,27768,28
RAWALPINDI,40,78486,39979,38437,70,23019,11305,11713,1,55467,28674,26724,69
RAWALPINDI,41,68847,34142,34691,14,21719,10360,11359,,47128,23782,23332,14
RAWALPINDI,42,78824,40752,38051,21,24553,12236,12315,2,54271,28516,25736,19
RAWALPINDI,43,67706,35926,31768,12,21096,10847,10248,1,46610,25079,21520,11
RAWALPINDI,44,72537,37844,34683,10,22907,11579,11328,,49630,26265,23355,10
RAWALPINDI,45,65686,35386,30264,36,19321,9938,9381,2,46365,25448,20883,34
RAWALPINDI,46,67681,35203,32473,5,21347,10778,10569,,46334,24425,21904,5
RAWALPINDI,47,55796,30504,25282,10,17354,9033,8321,,38442,21471,16961,10
RAWALPINDI,48,57028,30404,26613,11,18227,9381,8846,,38801,21023,17767,11
RAWALPINDI,49,55896,29170,26723,3,17135,8514,8621,,38761,20656,18102,3
RAWALPINDI,50,53588,27764,25796,28,16402,7989,8411,2,37186,19775,17385,26
RAWALPINDI,51,47668,24983,22681,4,15380,7686,7694,,32288,17297,14987,4
RAWALPINDI,52,49983,27238,22737,8,16454,8363,8091,,33529,18875,14646,8
RAWALPINDI,53,42330,23153,19172,5,14095,7288,6807,,28235,15865,12365,5
RAWALPINDI,54,48778,25276,23496,6,16350,8137,8212,1,32428,17139,15284,5
RAWALPINDI,55,44044,23488,20549,7,14416,7388,7027,1,29628,16100,13522,6
RAWALPINDI,56,45382,23465,21915,2,15418,7555,7863,,29964,15910,14052,2
RAWALPINDI,57,36404,19303,17100,1,12826,6449,6376,1,23578,12854,10724,
RAWALPINDI,58,35430,18952,16477,1,12784,6498,6286,,22646,12454,10191,1
RAWALPINDI,59,35895,18998,16896,1,12457,6158,6299,,23438,12840,10597,1
RAWALPINDI,60,38694,20169,18516,9,13420,6788,6632,,25274,13381,11884,9
RAWALPINDI,61,33441,17884,15557,,11892,6163,5729,,21549,11721,9828,
RAWALPINDI,62,31455,17873,13581,1,11250,6134,5116,,20205,11739,8465,1
RAWALPINDI,63,29375,16948,12427,,10348,5652,4696,,19027,11296,7731,
RAWALPINDI,64,30038,15788,14249,1,11028,5561,5467,,19010,10227,8782,1
RAWALPINDI,65,33357,15719,17633,5,12069,5443,6625,1,21288,10276,11008,4
RAWALPINDI,66,24690,12992,11697,1,9456,4755,4701,,15234,8237,6996,1
RAWALPINDI,67,22157,12233,9923,1,8500,4528,3972,,13657,7705,5951,1
RAWALPINDI,68,19559,11337,8220,2,7636,4192,3444,,11923,7145,4776,2
RAWALPINDI,69,20007,10306,9699,2,7590,3715,3875,,12417,6591,5824,2
RAWALPINDI,70,22721,11761,10958,2,8945,4468,4477,,13776,7293,6481,2
RAWALPINDI,71,13375,9829,3546,,5423,3753,1670,,7952,6076,1876,
RAWALPINDI,72,15565,8804,6761,,6325,3357,2968,,9240,5447,3793,
RAWALPINDI,73,13570,8103,5467,,5722,3148,2574,,7848,4955,2893,
RAWALPINDI,74,14583,7664,6919,,6280,3092,3188,,8303,4572,3731,
RAWALPINDI,75 & ABOVE,82199,44976,37217,6,37338,19199,18136,3,44861,25777,19081,3
SAHIWAL,ALL AGES,2878122,1458981,1418988,153,2124128,1077060,1046981,87,753994,381921,372007,66
SAHIWAL,BELOW 1,76287,39199,37088,,57884,29935,27949,,18403,9264,9139,
SAHIWAL,01,78244,39428,38816,,59037,29721,29316,,19207,9707,9500,
SAHIWAL,02,86692,43614,43078,,65213,32842,32371,,21479,10772,10707,
SAHIWAL,03,90859,45607,45252,,68556,34392,34164,,22303,11215,11088,
SAHIWAL,04,91378,45957,45421,,68906,34652,34254,,22472,11305,11167,
SAHIWAL,05,74152,37877,36275,,56687,29069,27618,,17465,8808,8657,
SAHIWAL,06,72556,36399,36157,,55015,27799,27216,,17541,8600,8941,
SAHIWAL,07,71208,35899,35309,,53736,27154,26582,,17472,8745,8727,
SAHIWAL,08,68537,34158,34379,,52167,26069,26098,,16370,8089,8281,
SAHIWAL,09,62270,31083,31187,,46647,23338,23309,,15623,7745,7878,
SAHIWAL,10,67890,33832,34058,,50882,25310,25572,,17008,8522,8486,
SAHIWAL,11,66405,33420,32985,,49099,24730,24369,,17306,8690,8616,
SAHIWAL,12,65577,33026,32551,,48010,24121,23889,,17567,8905,8662,
SAHIWAL,13,61894,31452,30442,,45405,22978,22427,,16489,8474,8015,
SAHIWAL,14,61095,31275,29811,9,44448,22642,21800,6,16647,8633,8011,3
SAHIWAL,15,57355,28907,28443,5,42215,21213,20997,5,15140,7694,7446,
SAHIWAL,16,56342,28893,27448,1,41176,21042,20133,1,15166,7851,7315,
SAHIWAL,17,54057,27680,26375,2,39160,19989,19169,2,14897,7691,7206,
SAHIWAL,18,52272,25920,26345,7,38851,19084,19763,4,13421,6836,6582,3
SAHIWAL,19,49268,24867,24398,3,35994,18163,17830,1,13274,6704,6568,2
SAHIWAL,20,50633,24914,25715,4,37526,18329,19196,1,13107,6585,6519,3
SAHIWAL,21,47673,24098,23572,3,34345,17402,16941,2,13328,6696,6631,1
SAHIWAL,22,49282,24556,24723,3,36006,18020,17984,2,13276,6536,6739,1
SAHIWAL,23,43649,21908,21738,3,31496,15835,15659,2,12153,6073,6079,1
SAHIWAL,24,45191,22743,22446,2,32792,16682,16109,1,12399,6061,6337,1
SAHIWAL,25,46779,23847,22921,11,35219,17949,17266,4,11560,5898,5655,7
SAHIWAL,26,45674,22202,23469,3,33155,16289,16863,3,12519,5913,6606,
SAHIWAL,27,42130,20785,21341,4,30482,15185,15296,1,11648,5600,6045,3
SAHIWAL,28,40992,20358,20626,8,29905,15031,14870,4,11087,5327,5756,4
SAHIWAL,29,38562,17797,20760,5,27895,12966,14926,3,10667,4831,5834,2
SAHIWAL,30,40226,19788,20427,11,29364,14503,14855,6,10862,5285,5572,5
SAHIWAL,31,39500,19236,20264,,28460,13883,14577,,11040,5353,5687,
SAHIWAL,32,39932,19251,20680,1,28110,13574,14536,,11822,5677,6144,1
SAHIWAL,33,37874,18421,19450,3,27558,13375,14182,1,10316,5046,5268,2
SAHIWAL,34,38345,18427,19918,,27839,13464,14375,,10506,4963,5543,
SAHIWAL,35,36102,18213,17883,6,26453,13290,13158,5,9649,4923,4725,1
SAHIWAL,36,37660,18883,18777,,26669,13450,13219,,10991,5433,5558,
SAHIWAL,37,36993,18474,18516,3,26894,13319,13574,1,10099,5155,4942,2
SAHIWAL,38,34542,17766,16774,2,24486,12590,11895,1,10056,5176,4879,1
SAHIWAL,39,34600,17518,17082,,24773,12503,12270,,9827,5015,4812,
SAHIWAL,40,31604,15952,15640,12,22620,11368,11247,5,8984,4584,4393,7
SAHIWAL,41,32145,16121,16024,,23698,11968,11730,,8447,4153,4294,
SAHIWAL,42,35397,17617,17778,2,25622,12706,12914,2,9775,4911,4864,
SAHIWAL,43,32403,16397,16006,,23965,11999,11966,,8438,4398,4040,
SAHIWAL,44,32384,16932,15451,1,23446,12216,11229,1,8938,4716,4222,
SAHIWAL,45,26934,14278,12650,6,19380,10232,9145,3,7554,4046,3505,3
SAHIWAL,46,27411,14474,12936,1,19609,10342,9267,,7802,4132,3669,1
SAHIWAL,47,26644,13688,12954,2,19479,9959,9519,1,7165,3729,3435,1
SAHIWAL,48,24491,12464,12024,3,17793,9045,8747,1,6698,3419,3277,2
SAHIWAL,49,23013,11994,11019,,16335,8489,7846,,6678,3505,3173,
SAHIWAL,50,21452,11035,10415,2,15333,7829,7503,1,6119,3206,2912,1
SAHIWAL,51,21153,10960,10191,2,15249,7920,7327,2,5904,3040,2864,
SAHIWAL,52,23983,12087,11896,,17504,8675,8829,,6479,3412,3067,
SAHIWAL,53,20972,10781,10190,1,15561,7920,7640,1,5411,2861,2550,
SAHIWAL,54,21132,11305,9824,3,15245,8182,7061,2,5887,3123,2763,1
SAHIWAL,55,18820,10290,8528,2,13721,7530,6190,1,5099,2760,2338,1
SAHIWAL,56,18909,10282,8624,3,13576,7468,6107,1,5333,2814,2517,2
SAHIWAL,57,18927,9935,8990,2,14016,7258,6757,1,4911,2677,2233,1
SAHIWAL,58,17900,9414,8486,,13492,7114,6378,,4408,2300,2108,
SAHIWAL,59,15865,8751,7113,1,11437,6358,5079,,4428,2393,2034,1
SAHIWAL,60,16131,8686,7442,3,11903,6433,5468,2,4228,2253,1974,1
SAHIWAL,61,15005,8168,6837,,10970,5970,5000,,4035,2198,1837,
SAHIWAL,62,14988,8068,6920,,11180,5915,5265,,3808,2153,1655,
SAHIWAL,63,14171,7531,6639,1,10712,5653,5058,1,3459,1878,1581,
SAHIWAL,64,13099,7114,5985,,9743,5296,4447,,3356,1818,1538,
SAHIWAL,65,13868,6915,6952,1,10332,5157,5174,1,3536,1758,1778,
SAHIWAL,66,10583,5752,4831,,7864,4303,3561,,2719,1449,1270,
SAHIWAL,67,9892,5406,4485,1,7454,4086,3367,1,2438,1320,1118,
SAHIWAL,68,8298,4603,3695,,6382,3494,2888,,1916,1109,807,
SAHIWAL,69,8208,4268,3940,,6124,3167,2957,,2084,1101,983,
SAHIWAL,70,10160,5278,4881,1,7812,4064,3747,1,2348,1214,1134,
SAHIWAL,71,5712,4040,1672,,4359,3051,1308,,1353,989,364,
SAHIWAL,72,6679,3563,3115,1,5173,2728,2444,1,1506,835,671,
SAHIWAL,73,5767,3223,2544,,4487,2447,2040,,1280,776,504,
SAHIWAL,74,5992,3161,2831,,4651,2461,2190,,1341,700,641,
SAHIWAL,75 & ABOVE,37353,20770,16580,3,29386,16375,13009,2,7967,4395,3571,1
SARGODHA,ALL AGES,4327263,2190707,2136175,381,2722559,1378026,1344409,124,1604704,812681,791766,257
SARGODHA,BELOW 1,98484,49910,48574,,65880,33721,32159,,32604,16189,16415,
SARGODHA,01,111821,56337,55484,,72522,36574,35948,,39299,19763,19536,
SARGODHA,02,122194,61498,60696,,79162,39954,39208,,43032,21544,21488,
SARGODHA,03,126785,63385,63400,,81784,41051,40733,,45001,22334,22667,
SARGODHA,04,133064,66797,66267,,86033,43267,42766,,47031,23530,23501,
SARGODHA,05,105825,53543,52282,,68438,34560,33878,,37387,18983,18404,
SARGODHA,06,104076,52411,51665,,67262,33707,33555,,36814,18704,18110,
SARGODHA,07,99387,49468,49919,,64073,32021,32052,,35314,17447,17867,
SARGODHA,08,98812,49382,49430,,64316,32136,32180,,34496,17246,17250,
SARGODHA,09,89195,44707,44488,,56968,28604,28364,,32227,16103,16124,
SARGODHA,10,101039,50111,50928,,64604,31832,32772,,36435,18279,18156,
SARGODHA,11,96892,48552,48340,,60897,30387,30510,,35995,18165,17830,
SARGODHA,12,100182,50503,49679,,62705,31471,31234,,37477,19032,18445,
SARGODHA,13,94200,47922,46278,,58219,29544,28675,,35981,18378,17603,
SARGODHA,14,95431,48415,47010,6,59266,29869,29392,5,36165,18546,17618,1
SARGODHA,15,88584,44727,43854,3,55124,27676,27447,1,33460,17051,16407,2
SARGODHA,16,89056,45403,43645,8,56106,28528,27575,3,32950,16875,16070,5
SARGODHA,17,86435,43796,42632,7,53792,27174,26615,3,32643,16622,16017,4
SARGODHA,18,83958,41821,42122,15,52877,26118,26753,6,31081,15703,15369,9
SARGODHA,19,79247,39899,39342,6,48585,24493,24090,2,30662,15406,15252,4
SARGODHA,20,80440,39980,40440,20,50515,25134,25373,8,29925,14846,15067,12
SARGODHA,21,75402,37537,37854,11,44951,22521,22427,3,30451,15016,15427,8
SARGODHA,22,79112,39765,39326,21,47530,23801,23720,9,31582,15964,15606,12
SARGODHA,23,69669,34624,35024,21,41806,20805,20997,4,27863,13819,14027,17
SARGODHA,24,71016,35325,35685,6,43135,21574,21559,2,27881,13751,14126,4
SARGODHA,25,74766,38813,35924,29,47150,24580,22563,7,27616,14233,13361,22
SARGODHA,26,71447,34555,36878,14,43747,21365,22378,4,27700,13190,14500,10
SARGODHA,27,65263,31958,33296,9,40223,19738,20481,4,25040,12220,12815,5
SARGODHA,28,65935,32429,33489,17,40341,19912,20424,5,25594,12517,13065,12
SARGODHA,29,57484,26080,31398,6,35269,16027,19240,2,22215,10053,12158,4
SARGODHA,30,66466,31449,34995,22,41608,19768,21831,9,24858,11681,13164,13
SARGODHA,31,59541,28658,30878,5,37030,17968,19060,2,22511,10690,11818,3
SARGODHA,32,62434,30094,32325,15,38040,18371,19663,6,24394,11723,12662,9
SARGODHA,33,57865,28311,29542,12,36079,17619,18456,4,21786,10692,11086,8
SARGODHA,34,57098,27403,29689,6,35337,17017,18316,4,21761,10386,11373,2
SARGODHA,35,57635,28667,28950,18,35465,17697,17760,8,22170,10970,11190,10
SARGODHA,36,56132,27738,28387,7,33672,16533,17137,2,22460,11205,11250,5
SARGODHA,37,52827,26695,26127,5,32587,16469,16118,,20240,10226,10009,5
SARGODHA,38,54564,27771,26787,6,33116,16785,16328,3,21448,10986,10459,3
SARGODHA,39,52889,26845,26041,3,32633,16636,15997,,20256,10209,10044,3
SARGODHA,40,52266,26400,25851,15,31848,16001,15845,2,20418,10399,10006,13
SARGODHA,41,44871,22568,22301,2,28131,14170,13959,2,16740,8398,8342,
SARGODHA,42,48468,24694,23763,11,29745,15179,14566,,18723,9515,9197,11
SARGODHA,43,43405,22297,21105,3,27332,13922,13409,1,16073,8375,7696,2
SARGODHA,44,45760,23713,22046,1,28107,14582,13525,,17653,9131,8521,1
SARGODHA,45,43307,22114,21187,6,26015,13060,12953,2,17292,9054,8234,4
SARGODHA,46,39561,20697,18862,2,24120,12551,11568,1,15441,8146,7294,1
SARGODHA,47,34327,17747,16578,2,21433,10875,10557,1,12894,6872,6021,1
SARGODHA,48,34850,17673,17175,2,21639,10893,10746,,13211,6780,6429,2
SARGODHA,49,34508,17754,16753,1,21188,10836,10352,,13320,6918,6401,1
SARGODHA,50,36325,18253,18063,9,22259,11033,11224,2,14066,7220,6839,7
SARGODHA,51,31542,16390,15150,2,19696,10279,9417,,11846,6111,5733,2
SARGODHA,52,33631,17645,15985,1,21096,11004,10092,,12535,6641,5893,1
SARGODHA,53,30216,15701,14513,2,19383,9975,9408,,10833,5726,5105,2
SARGODHA,54,32609,17181,15428,,20391,10762,9629,,12218,6419,5799,
SARGODHA,55,31530,16703,14825,2,19604,10364,9239,1,11926,6339,5586,1
SARGODHA,56,30071,16130,13939,2,18808,10128,8680,,11263,6002,5259,2
SARGODHA,57,26837,14656,12180,1,17346,9476,7870,,9491,5180,4310,1
SARGODHA,58,25959,14251,11708,,16638,9182,7456,,9321,5069,4252,
SARGODHA,59,24023,13013,11009,1,15062,8174,6888,,8961,4839,4121,1
SARGODHA,60,27598,14613,12979,6,17438,9246,8188,4,10160,5367,4791,2
SARGODHA,61,22995,12512,10482,1,14581,7967,6614,,8414,4545,3868,1
SARGODHA,62,21304,12175,9129,,13353,7529,5824,,7951,4646,3305,
SARGODHA,63,19480,11017,8460,3,12247,6817,5429,1,7233,4200,3031,2
SARGODHA,64,19314,10453,8861,,12190,6586,5604,,7124,3867,3257,
SARGODHA,65,23395,11120,12272,3,14895,7067,7828,,8500,4053,4444,3
SARGODHA,66,16761,9186,7575,,10728,5891,4837,,6033,3295,2738,
SARGODHA,67,14700,8228,6471,1,9634,5354,4280,,5066,2874,2191,1
SARGODHA,68,12942,7485,5455,2,8291,4748,3542,1,4651,2737,1913,1
SARGODHA,69,13227,7067,6158,2,8414,4458,3956,,4813,2609,2202,2
SARGODHA,70,17025,8818,8207,,11393,5903,5490,,5632,2915,2717,
SARGODHA,71,8848,6586,2262,,5973,4385,1588,,2875,2201,674,
SARGODHA,72,11067,6260,4807,,7583,4268,3315,,3484,1992,1492,
SARGODHA,73,9201,5424,3777,,6241,3645,2596,,2960,1779,1181,
SARGODHA,74,9592,5126,4466,,6470,3431,3039,,3122,1695,1427,
SARGODHA,75 & ABOVE,63096,35773,27323,,44440,25278,19162,,18656,10495,8161,
SHEIKHUPURA,ALL AGES,4049377,2079359,1969412,606,2498625,1286433,1211837,355,1550752,792926,757575,251
SHEIKHUPURA,BELOW 1,94139,47243,46896,,59886,30217,29669,,34253,17026,17227,
SHEIKHUPURA,01,112710,57428,55282,,70667,35950,34717,,42043,21478,20565,
SHEIKHUPURA,02,127354,64592,62762,,79467,40151,39316,,47887,24441,23446,
SHEIKHUPURA,03,132623,66702,65921,,82482,41331,41151,,50141,25371,24770,
SHEIKHUPURA,04,136946,69042,67904,,85390,43061,42329,,51556,25981,25575,
SHEIKHUPURA,05,103227,52076,51151,,65173,32938,32235,,38054,19138,18916,
SHEIKHUPURA,06,102675,51818,50857,,65155,32789,32366,,37520,19029,18491,
SHEIKHUPURA,07,96379,48412,47967,,60651,30521,30130,,35728,17891,17837,
SHEIKHUPURA,08,98387,49411,48976,,62444,31408,31036,,35943,18003,17940,
SHEIKHUPURA,09,82751,41354,41397,,51708,25837,25871,,31043,15517,15526,
SHEIKHUPURA,10,101023,50816,50207,,63168,31563,31605,,37855,19253,18602,
SHEIKHUPURA,11,89692,45361,44331,,55584,27931,27653,,34108,17430,16678,
SHEIKHUPURA,12,98726,50061,48665,,61257,30951,30306,,37469,19110,18359,
SHEIKHUPURA,13,89242,44901,44341,,54968,27557,27411,,34274,17344,16930,
SHEIKHUPURA,14,92480,46893,45551,36,57037,28584,28430,23,35443,18309,17121,13
SHEIKHUPURA,15,86414,43010,43362,42,53158,26312,26818,28,33256,16698,16544,14
SHEIKHUPURA,16,86791,43772,42987,32,54100,27064,27011,25,32691,16708,15976,7
SHEIKHUPURA,17,79455,40591,38837,27,49099,25091,23987,21,30356,15500,14850,6
SHEIKHUPURA,18,86236,43819,42390,27,54225,27560,26647,18,32011,16259,15743,9
SHEIKHUPURA,19,75208,38820,36374,14,46768,24287,22472,9,28440,14533,13902,5
SHEIKHUPURA,20,81295,40920,40335,40,50947,25814,25103,30,30348,15106,15232,10
SHEIKHUPURA,21,69899,35509,34379,11,42803,21960,20834,9,27096,13549,13545,2
SHEIKHUPURA,22,78700,39517,39165,18,48528,24612,23904,12,30172,14905,15261,6
SHEIKHUPURA,23,65256,32939,32302,15,39745,20321,19412,12,25511,12618,12890,3
SHEIKHUPURA,24,68740,34640,34085,15,42025,21405,20611,9,26715,13235,13474,6
SHEIKHUPURA,25,75211,38635,36544,32,46606,24138,22449,19,28605,14497,14095,13
SHEIKHUPURA,26,70574,35145,35414,15,42912,21655,21249,8,27662,13490,14165,7
SHEIKHUPURA,27,61056,31014,30028,14,36999,19036,17954,9,24057,11978,12074,5
SHEIKHUPURA,28,67116,33046,34042,28,40582,20246,20322,14,26534,12800,13720,14
SHEIKHUPURA,29,51858,24319,27528,11,31662,15109,16548,5,20196,9210,10980,6
SHEIKHUPURA,30,66344,30679,35637,28,40737,19086,21637,14,25607,11593,14000,14
SHEIKHUPURA,31,51774,25650,26118,6,31554,15858,15693,3,20220,9792,10425,3
SHEIKHUPURA,32,59224,29162,30052,10,35425,17715,17708,2,23799,11447,12344,8
SHEIKHUPURA,33,48471,24058,24403,10,29631,14805,14823,3,18840,9253,9580,7
SHEIKHUPURA,34,48540,24005,24530,5,29545,14771,14770,4,18995,9234,9760,1
SHEIKHUPURA,35,58552,30311,28207,34,35369,18428,16926,15,23183,11883,11281,19
SHEIKHUPURA,36,51073,26497,24564,12,30338,16162,14169,7,20735,10335,10395,5
SHEIKHUPURA,37,44915,23883,21029,3,27247,14658,12587,2,17668,9225,8442,1
SHEIKHUPURA,38,49456,25647,23799,10,29398,15315,14075,8,20058,10332,9724,2
SHEIKHUPURA,39,46100,24061,22037,2,27767,14559,13207,1,18333,9502,8830,1
SHEIKHUPURA,40,52692,27100,25564,28,31542,16116,15415,11,21150,10984,10149,17
SHEIKHUPURA,41,39524,20675,18846,3,24278,12811,11466,1,15246,7864,7380,2
SHEIKHUPURA,42,44965,23660,21295,10,27376,14480,12891,5,17589,9180,8404,5
SHEIKHUPURA,43,37595,20434,17158,3,23198,12618,10579,1,14397,7816,6579,2
SHEIKHUPURA,44,41412,22332,19079,1,25342,13745,11597,,16070,8587,7482,1
SHEIKHUPURA,45,44693,24373,20299,21,26650,14460,12183,7,18043,9913,8116,14
SHEIKHUPURA,46,36465,19777,16685,3,21893,11922,9970,1,14572,7855,6715,2
SHEIKHUPURA,47,30713,17159,13553,1,18542,10361,8181,,12171,6798,5372,1
SHEIKHUPURA,48,31663,16436,15224,3,19147,9839,9306,2,12516,6597,5918,1
SHEIKHUPURA,49,30787,16524,14262,1,18505,10003,8502,,12282,6521,5760,1
SHEIKHUPURA,50,35427,18473,16945,9,21178,11011,10162,5,14249,7462,6783,4
SHEIKHUPURA,51,26501,14437,12064,,16036,8810,7226,,10465,5627,4838,
SHEIKHUPURA,52,27146,15192,11954,,16460,9123,7337,,10686,6069,4617,
SHEIKHUPURA,53,22852,12760,10090,2,14061,7874,6186,1,8791,4886,3904,1
SHEIKHUPURA,54,26090,14070,12017,3,15708,8529,7177,2,10382,5541,4840,1
SHEIKHUPURA,55,28259,15351,12904,4,17129,9369,7757,3,11130,5982,5147,1
SHEIKHUPURA,56,23948,13145,10801,2,14484,8058,6425,1,9464,5087,4376,1
SHEIKHUPURA,57,20235,11476,8759,,12495,7068,5427,,7740,4408,3332,
SHEIKHUPURA,58,19710,10891,8818,1,12264,6805,5459,,7446,4086,3359,1
SHEIKHUPURA,59,18701,10305,8396,,11193,6231,4962,,7508,4074,3434,
SHEIKHUPURA,60,25451,13889,11557,5,15579,8535,7043,1,9872,5354,4514,4
SHEIKHUPURA,61,17944,9963,7980,1,10835,6075,4760,,7109,3888,3220,1
SHEIKHUPURA,62,15246,9111,6135,,9262,5544,3718,,5984,3567,2417,
SHEIKHUPURA,63,14004,8154,5849,1,8523,4957,3565,1,5481,3197,2284,
SHEIKHUPURA,64,15052,8173,6879,,9129,4992,4137,,5923,3181,2742,
SHEIKHUPURA,65,19685,10029,9652,4,12145,6190,5953,2,7540,3839,3699,2
SHEIKHUPURA,66,12065,6839,5226,,7309,4148,3161,,4756,2691,2065,
SHEIKHUPURA,67,9709,5776,3933,,5955,3569,2386,,3754,2207,1547,
SHEIKHUPURA,68,8235,5223,3010,2,5072,3225,1846,1,3163,1998,1164,1
SHEIKHUPURA,69,9121,5081,4040,,5437,3014,2423,,3684,2067,1617,
SHEIKHUPURA,70,13614,7454,6160,,8719,4770,3949,,4895,2684,2211,
SHEIKHUPURA,71,5663,4659,1004,,3555,2880,675,,2108,1779,329,
SHEIKHUPURA,72,5726,3368,2358,,3541,2050,1491,,2185,1318,867,
SHEIKHUPURA,73,4924,3270,1654,,3014,1991,1023,,1910,1279,631,
SHEIKHUPURA,74,6095,3367,2728,,3838,2122,1716,,2257,1245,1012,
SHEIKHUPURA,75 & ABOVE,40853,24674,16178,1,27024,16382,10642,,13829,8292,5536,1
SIALKOT,ALL AGES,4472462,2265012,2206591,859,3017087,1519345,1497543,199,1455375,745667,709048,660
SIALKOT,BELOW 1,95350,49376,45974,,66673,34400,32273,,28677,14976,13701,
SIALKOT,01,122313,63146,59167,,84907,43768,41139,,37406,19378,18028,
SIALKOT,02,128007,66617,61390,,87858,45855,42003,,40149,20762,19387,
SIALKOT,03,130417,67322,63095,,88889,45678,43211,,41528,21644,19884,
SIALKOT,04,130437,67617,62820,,89269,46172,43097,,41168,21445,19723,
SIALKOT,05,107575,55066,52509,,74269,37854,36415,,33306,17212,16094,
SIALKOT,06,107641,55329,52312,,73619,37841,35778,,34022,17488,16534,
SIALKOT,07,102588,52188,50400,,70665,35762,34903,,31923,16426,15497,
SIALKOT,08,100772,51686,49086,,69407,35494,33913,,31365,16192,15173,
SIALKOT,09,91159,46421,44738,,62365,31656,30709,,28794,14765,14029,
SIALKOT,10,103656,54129,49527,,71102,36990,34112,,32554,17139,15415,
SIALKOT,11,100569,52055,48514,,68637,35420,33217,,31932,16635,15297,
SIALKOT,12,107234,56575,50659,,72813,38444,34369,,34421,18131,16290,
SIALKOT,13,101283,52686,48597,,68969,35760,33209,,32314,16926,15388,
SIALKOT,14,103097,53690,49010,397,69945,36368,33574,3,33152,17322,15436,394
SIALKOT,15,93716,47927,45780,9,63609,32317,31287,5,30107,15610,14493,4
SIALKOT,16,95786,49451,46328,7,65607,33695,31909,3,30179,15756,14419,4
SIALKOT,17,91478,47346,44126,6,63213,32613,30595,5,28265,14733,13531,1
SIALKOT,18,92579,48800,43767,12,63591,33179,30405,7,28988,15621,13362,5
SIALKOT,19,86940,44688,42244,8,59519,30303,29212,4,27421,14385,13032,4
SIALKOT,20,85213,43060,42138,15,58131,29100,29026,5,27082,13960,13112,10
SIALKOT,21,83951,41929,42009,13,56756,28122,28630,4,27195,13807,13379,9
SIALKOT,22,86876,42918,43941,17,58712,28782,29921,9,28164,14136,14020,8
SIALKOT,23,76305,36288,39996,21,51182,24021,27154,7,25123,12267,12842,14
SIALKOT,24,77930,36826,41092,12,52308,24373,27931,4,25622,12453,13161,8
SIALKOT,25,75016,37208,37777,31,50385,24470,25899,16,24631,12738,11878,15
SIALKOT,26,77197,36010,41177,10,51433,23524,27906,3,25764,12486,13271,7
SIALKOT,27,66980,31138,35831,11,44325,20183,24136,6,22655,10955,11695,5
SIALKOT,28,69307,32106,37186,15,46033,20984,25043,6,23274,11122,12143,9
SIALKOT,29,58151,24674,33470,7,38491,15945,22541,5,19660,8729,10929,2
SIALKOT,30,68765,32747,35988,30,45443,21491,23936,16,23322,11256,12052,14
SIALKOT,31,58453,27360,31085,8,38249,17590,20655,4,20204,9770,10430,4
SIALKOT,32,65760,31606,34134,20,42614,20221,22384,9,23146,11385,11750,11
SIALKOT,33,55284,26336,28940,8,36639,17298,19337,4,18645,9038,9603,4
SIALKOT,34,55998,25926,30064,8,36820,16877,19942,1,19178,9049,10122,7
SIALKOT,35,58350,28356,29966,28,38412,18526,19873,13,19938,9830,10093,15
SIALKOT,36,58946,28121,30815,10,38397,18205,20189,3,20549,9916,10626,7
SIALKOT,37,51260,25337,25918,5,33890,16524,17366,,17370,8813,8552,5
SIALKOT,38,54307,26827,27468,12,35241,17350,17887,4,19066,9477,9581,8
SIALKOT,39,50158,24024,26129,5,33088,15575,17512,1,17070,8449,8617,4
SIALKOT,40,55221,26794,28400,27,35829,17285,18532,12,19392,9509,9868,15
SIALKOT,41,43271,20578,22689,4,29013,13758,15254,1,14258,6820,7435,3
SIALKOT,42,53009,25643,27354,12,34983,16816,18164,3,18026,8827,9190,9
SIALKOT,43,43366,21717,21648,1,28800,14219,14580,1,14566,7498,7068,
SIALKOT,44,47878,23688,24188,2,31928,15739,16189,,15950,7949,7999,2
SIALKOT,45,46916,23965,22933,18,30324,15594,14724,6,16592,8371,8209,12
SIALKOT,46,42271,21392,20875,4,27694,13983,13711,,14577,7409,7164,4
SIALKOT,47,36073,18613,17458,2,23882,12168,11713,1,12191,6445,5745,1
SIALKOT,48,37737,18941,18789,7,24812,12293,12516,3,12925,6648,6273,4
SIALKOT,49,36021,18180,17840,1,23672,11998,11673,1,12349,6182,6167,
SIALKOT,50,40967,21062,19888,17,26075,13216,12851,8,14892,7846,7037,9
SIALKOT,51,31112,15891,15219,2,20676,10594,10082,,10436,5297,5137,2
SIALKOT,52,34153,17890,16257,6,22716,11887,10826,3,11437,6003,5431,3
SIALKOT,53,27967,15030,12933,4,18791,10003,8787,1,9176,5027,4146,3
SIALKOT,54,32649,16738,15910,1,21449,10967,10482,,11200,5771,5428,1
SIALKOT,55,32422,17095,15322,5,21154,11174,9977,3,11268,5921,5345,2
SIALKOT,56,30173,15609,14562,2,20039,10429,9609,1,10134,5180,4953,1
SIALKOT,57,25115,13396,11718,1,17109,9136,7973,,8006,4260,3745,1
SIALKOT,58,24528,12686,11840,2,16701,8652,8049,,7827,4034,3791,2
SIALKOT,59,23323,12234,11088,1,15379,8112,7266,1,7944,4122,3822,
SIALKOT,60,30040,15800,14237,3,19701,10320,9381,,10339,5480,4856,3
SIALKOT,61,21971,11977,9994,,14607,7986,6621,,7364,3991,3373,
SIALKOT,62,20689,11940,8747,2,13527,7755,5772,,7162,4185,2975,2
SIALKOT,63,18458,10403,8054,1,12420,6969,5450,1,6038,3434,2604,
SIALKOT,64,19816,10484,9332,,13203,6933,6270,,6613,3551,3062,
SIALKOT,65,24479,11702,12774,3,16231,7792,8436,3,8248,3910,4338,
SIALKOT,66,16185,9086,7099,,10841,6066,4775,,5344,3020,2324,
SIALKOT,67,13492,7778,5714,,9050,5181,3869,,4442,2597,1845,
SIALKOT,68,12004,7314,4690,,8074,4844,3230,,3930,2470,1460,
SIALKOT,69,12550,6709,5841,,8394,4438,3956,,4156,2271,1885,
SIALKOT,70,17351,9100,8248,3,11939,6250,5687,2,5412,2850,2561,1
SIALKOT,71,7428,5811,1617,,5012,3861,1151,,2416,1950,466,
SIALKOT,72,8938,5052,3886,,6083,3418,2665,,2855,1634,1221,
SIALKOT,73,7610,4662,2948,,5221,3116,2105,,2389,1546,843,
SIALKOT,74,8892,4680,4212,,6086,3158,2928,,2806,1522,1284,
SIALKOT,75 & ABOVE,61583,34460,27120,3,44197,24505,19691,1,17386,9955,7429,2
TOBA TEK SINGH,ALL AGES,2524044,1295646,1228162,236,1960519,1006994,953434,91,563525,288652,274728,145
TOBA TEK SINGH,BELOW 1,54526,28492,26034,,43154,22523,20631,,11372,5969,5403,
TOBA TEK SINGH,01,60933,31693,29240,,48140,25016,23124,,12793,6677,6116,
TOBA TEK SINGH,02,65622,34132,31490,,52011,26972,25039,,13611,7160,6451,
TOBA TEK SINGH,03,69629,35785,33844,,55292,28340,26952,,14337,7445,6892,
TOBA TEK SINGH,04,72695,37447,35248,,57960,29957,28003,,14735,7490,7245,
TOBA TEK SINGH,05,61286,31496,29790,,48674,24952,23722,,12612,6544,6068,
TOBA TEK SINGH,06,62307,31849,30458,,49445,25269,24176,,12862,6580,6282,
TOBA TEK SINGH,07,61626,31365,30261,,48636,24784,23852,,12990,6581,6409,
TOBA TEK SINGH,08,58500,29631,28869,,46435,23506,22929,,12065,6125,5940,
TOBA TEK SINGH,09,54367,27601,26766,,42844,21745,21099,,11523,5856,5667,
TOBA TEK SINGH,10,58174,30275,27899,,45674,23733,21941,,12500,6542,5958,
TOBA TEK SINGH,11,58093,29982,28111,,44915,23102,21813,,13178,6880,6298,
TOBA TEK SINGH,12,57338,30318,27020,,44292,23428,20864,,13046,6890,6156,
TOBA TEK SINGH,13,55865,29265,26600,,43056,22478,20578,,12809,6787,6022,
TOBA TEK SINGH,14,55930,29585,26343,2,42783,22524,20257,2,13147,7061,6086,
TOBA TEK SINGH,15,50932,26347,24585,,39344,20272,19072,,11588,6075,5513,
TOBA TEK SINGH,16,51213,26946,24264,3,39735,20844,18889,2,11478,6102,5375,1
TOBA TEK SINGH,17,49267,25911,23351,5,37903,19959,17941,3,11364,5952,5410,2
TOBA TEK SINGH,18,48304,25162,23139,3,37605,19558,18046,1,10699,5604,5093,2
TOBA TEK SINGH,19,46114,23783,22327,4,35738,18547,17189,2,10376,5236,5138,2
TOBA TEK SINGH,20,47293,23917,23368,8,37044,18699,18342,3,10249,5218,5026,5
TOBA TEK SINGH,21,43915,22295,21618,2,33727,17216,16510,1,10188,5079,5108,1
TOBA TEK SINGH,22,46595,23601,22987,7,35943,18300,17642,1,10652,5301,5345,6
TOBA TEK SINGH,23,40003,19872,20126,5,30756,15421,15334,1,9247,4451,4792,4
TOBA TEK SINGH,24,42671,21224,21442,5,32654,16367,16285,2,10017,4857,5157,3
TOBA TEK SINGH,25,42781,22139,20629,13,33481,17376,16101,4,9300,4763,4528,9
TOBA TEK SINGH,26,42814,20669,22141,4,32656,15834,16822,,10158,4835,5319,4
TOBA TEK SINGH,27,38552,18866,19686,,29455,14490,14965,,9097,4376,4721,
TOBA TEK SINGH,28,38768,18992,19769,7,29701,14647,15052,2,9067,4345,4717,5
TOBA TEK SINGH,29,33638,15460,18173,5,25751,11932,13818,1,7887,3528,4355,4
TOBA TEK SINGH,30,38282,18990,19277,15,29481,14652,14823,6,8801,4338,4454,9
TOBA TEK SINGH,31,33812,16286,17523,3,25859,12452,13406,1,7953,3834,4117,2
TOBA TEK SINGH,32,36020,17637,18374,9,27084,13222,13859,3,8936,4415,4515,6
TOBA TEK SINGH,33,33447,16619,16823,5,25422,12620,12801,1,8025,3999,4022,4
TOBA TEK SINGH,34,33357,16202,17151,4,25345,12308,13035,2,8012,3894,4116,2
TOBA TEK SINGH,35,33258,16441,16795,22,25605,12678,12919,8,7653,3763,3876,14
TOBA TEK SINGH,36,32739,16092,16638,9,24779,12175,12600,4,7960,3917,4038,5
TOBA TEK SINGH,37,31416,15839,15573,4,24002,12139,11863,,7414,3700,3710,4
TOBA TEK SINGH,38,30997,15856,15141,,23426,11973,11453,,7571,3883,3688,
TOBA TEK SINGH,39,29833,14887,14943,3,22653,11307,11345,1,7180,3580,3598,2
TOBA TEK SINGH,40,30258,14980,15265,13,23134,11424,11703,7,7124,3556,3562,6
TOBA TEK SINGH,41,27720,13991,13727,2,21465,10881,10584,,6255,3110,3143,2
TOBA TEK SINGH,42,31326,15757,15563,6,23873,12006,11866,1,7453,3751,3697,5
TOBA TEK SINGH,43,27291,14181,13105,5,21085,10896,10187,2,6206,3285,2918,3
TOBA TEK SINGH,44,28816,14813,13999,4,22211,11410,10799,2,6605,3403,3200,2
TOBA TEK SINGH,45,25272,12870,12387,15,19356,9862,9484,10,5916,3008,2903,5
TOBA TEK SINGH,46,24562,12721,11841,,18769,9706,9063,,5793,3015,2778,
TOBA TEK SINGH,47,22211,11543,10663,5,17098,8813,8282,3,5113,2730,2381,2
TOBA TEK SINGH,48,20769,10573,10194,2,16058,8183,7874,1,4711,2390,2320,1
TOBA TEK SINGH,49,21067,10760,10307,,16038,8235,7803,,5029,2525,2504,
TOBA TEK SINGH,50,20601,10187,10406,8,15731,7712,8015,4,4870,2475,2391,4
TOBA TEK SINGH,51,18892,9810,9082,,14526,7564,6962,,4366,2246,2120,
TOBA TEK SINGH,52,20397,10511,9882,4,15630,8011,7619,,4767,2500,2263,4
TOBA TEK SINGH,53,17893,9436,8455,2,13856,7292,6564,,4037,2144,1891,2
TOBA TEK SINGH,54,19537,10266,9269,2,14955,7873,7081,1,4582,2393,2188,1
TOBA TEK SINGH,55,17757,9406,8346,5,13640,7260,6378,2,4117,2146,1968,3
TOBA TEK SINGH,56,17631,9437,8192,2,13566,7285,6280,1,4065,2152,1912,1
TOBA TEK SINGH,57,16432,8861,7569,2,12768,6862,5905,1,3664,1999,1664,1
TOBA TEK SINGH,58,15187,8238,6949,,11913,6502,5411,,3274,1736,1538,
TOBA TEK SINGH,59,14601,7841,6758,2,11241,6092,5148,1,3360,1749,1610,1
TOBA TEK SINGH,60,15438,7886,7550,2,12017,6127,5889,1,3421,1759,1661,1
TOBA TEK SINGH,61,13948,7500,6447,1,10841,5874,4966,1,3107,1626,1481,
TOBA TEK SINGH,62,12886,7181,5704,1,9955,5524,4431,,2931,1657,1273,1
TOBA TEK SINGH,63,11527,6413,5113,1,9020,4988,4031,1,2507,1425,1082,
TOBA TEK SINGH,64,11830,6229,5601,,9193,4835,4358,,2637,1394,1243,
TOBA TEK SINGH,65,13434,6252,7179,3,10492,4840,5651,1,2942,1412,1528,2
TOBA TEK SINGH,66,10545,5832,4713,,8230,4547,3683,,2315,1285,1030,
TOBA TEK SINGH,67,9053,5151,3902,,7097,4040,3057,,1956,1111,845,
TOBA TEK SINGH,68,7490,4470,3020,,5924,3522,2402,,1566,948,618,
TOBA TEK SINGH,69,7838,4110,3728,,6178,3235,2943,,1660,875,785,
TOBA TEK SINGH,70,9356,4803,4553,,7491,3856,3635,,1865,947,918,
TOBA TEK SINGH,71,5263,3867,1396,,4233,3075,1158,,1030,792,238,
TOBA TEK SINGH,72,6328,3584,2743,1,5041,2847,2194,,1287,737,549,1
TOBA TEK SINGH,73,5087,3091,1996,,4097,2466,1631,,990,625,365,
TOBA TEK SINGH,74,5523,2879,2644,,4462,2334,2128,,1061,545,516,
TOBA TEK SINGH,75 & ABOVE,37366,21267,16098,1,30875,17698,13177,,6491,3569,2921,1
VEHARI,ALL AGES,3428191,1733665,1694087,439,2645727,1339615,1305872,240,782464,394050,388215,199
VEHARI,BELOW 1,82831,41393,41438,,64608,32351,32257,,18223,9042,9181,
VEHARI,01,93258,47166,46092,,72637,36795,35842,,20621,10371,10250,
VEHARI,02,104300,52637,51663,,81392,41117,40275,,22908,11520,11388,
VEHARI,03,110753,55733,55020,,86188,43471,42717,,24565,12262,12303,
VEHARI,04,117908,59103,58805,,91536,45939,45597,,26372,13164,13208,
VEHARI,05,89039,44491,44548,,70005,34934,35071,,19034,9557,9477,
VEHARI,06,90604,45277,45327,,70983,35489,35494,,19621,9788,9833,
VEHARI,07,87174,43513,43661,,67919,33906,34013,,19255,9607,9648,
VEHARI,08,88571,44744,43827,,69804,35315,34489,,18767,9429,9338,
VEHARI,09,76318,38546,37772,,58998,29726,29272,,17320,8820,8500,
VEHARI,10,87560,43866,43694,,68604,34355,34249,,18956,9511,9445,
VEHARI,11,79502,39954,39548,,61075,30744,30331,,18427,9210,9217,
VEHARI,12,81886,41218,40668,,63294,31943,31351,,18592,9275,9317,
VEHARI,13,73538,37482,36056,,56033,28607,27426,,17505,8875,8630,
VEHARI,14,74717,37551,37139,27,57110,28680,28408,22,17607,8871,8731,5
VEHARI,15,69670,35262,34388,20,53494,27126,26350,18,16176,8136,8038,2
VEHARI,16,69510,35346,34150,14,53351,27075,26266,10,16159,8271,7884,4
VEHARI,17,62574,31667,30895,12,47463,24005,23450,8,15111,7662,7445,4
VEHARI,18,66529,33043,33468,18,51379,25483,25883,13,15150,7560,7585,5
VEHARI,19,58722,29819,28895,8,44836,22782,22049,5,13886,7037,6846,3
VEHARI,20,64900,32257,32620,23,50653,25130,25507,16,14247,7127,7113,7
VEHARI,21,54986,27514,27466,6,41808,21002,20802,4,13178,6512,6664,2
VEHARI,22,61101,30321,30761,19,46920,23400,23508,12,14181,6921,7253,7
VEHARI,23,52049,25953,26088,8,39633,19925,19702,6,12416,6028,6386,2
VEHARI,24,53219,26628,26582,9,40406,20416,19985,5,12813,6212,6597,4
VEHARI,25,61439,31424,29988,27,48218,24753,23450,15,13221,6671,6538,12
VEHARI,26,53907,26498,27398,11,40976,20441,20533,2,12931,6057,6865,9
VEHARI,27,49329,24333,24992,4,37650,18695,18952,3,11679,5638,6040,1
VEHARI,28,50614,24502,26098,14,38484,18728,19753,3,12130,5774,6345,11
VEHARI,29,43111,19325,23777,9,32674,14674,17995,5,10437,4651,5782,4
VEHARI,30,51680,24546,27111,23,39679,18879,20793,7,12001,5667,6318,16
VEHARI,31,43763,21017,22743,3,33307,16062,17244,1,10456,4955,5499,2
VEHARI,32,46250,22193,24046,11,34971,16866,18101,4,11279,5327,5945,7
VEHARI,33,43403,21091,22308,4,33080,16065,17014,1,10323,5026,5294,3
VEHARI,34,43533,21190,22339,4,33268,16279,16986,3,10265,4911,5353,1
VEHARI,35,46486,23435,23020,31,35859,18106,17742,11,10627,5329,5278,20
VEHARI,36,42821,21661,21151,9,32298,16496,15797,5,10523,5165,5354,4
VEHARI,37,41330,21259,20068,3,31629,16188,15440,1,9701,5071,4628,2
VEHARI,38,40310,20644,19658,8,30544,15635,14905,4,9766,5009,4753,4
VEHARI,39,39635,20084,19548,3,30167,15303,14863,1,9468,4781,4685,2
VEHARI,40,40318,19983,20316,19,30851,15262,15578,11,9467,4721,4738,8
VEHARI,41,35907,18288,17616,3,27736,14170,13564,2,8171,4118,4052,1
VEHARI,42,39860,20357,19496,7,30494,15609,14882,3,9366,4748,4614,4
VEHARI,43,35535,18593,16933,9,27470,14353,13113,4,8065,4240,3820,5
VEHARI,44,36322,18832,17486,4,27882,14409,13471,2,8440,4423,4015,2
VEHARI,45,34157,17608,16534,15,26198,13458,12729,11,7959,4150,3805,4
VEHARI,46,31423,16612,14811,,23908,12648,11260,,7515,3964,3551,
VEHARI,47,29357,15384,13972,1,22640,11816,10823,1,6717,3568,3149,
VEHARI,48,28364,14511,13847,6,21939,11138,10798,3,6425,3373,3049,3
VEHARI,49,27593,14399,13194,,20942,10908,10034,,6651,3491,3160,
VEHARI,50,27659,13978,13665,16,21270,10680,10582,8,6389,3298,3083,8
VEHARI,51,24382,12858,11522,2,18745,9901,8844,,5637,2957,2678,2
VEHARI,52,26482,13792,12688,2,20409,10589,9820,,6073,3203,2868,2
VEHARI,53,24001,12675,11324,2,18789,9814,8975,,5212,2861,2349,2
VEHARI,54,24102,12722,11379,1,18510,9811,8699,,5592,2911,2680,1
VEHARI,55,23195,12390,10800,5,17814,9541,8271,2,5381,2849,2529,3
VEHARI,56,21487,11533,9953,1,16458,8882,7576,,5029,2651,2377,1
VEHARI,57,20554,11083,9471,,16030,8713,7317,,4524,2370,2154,
VEHARI,58,18531,10006,8522,3,14377,7773,6603,1,4154,2233,1919,2
VEHARI,59,17266,9348,7915,3,13060,7067,5992,1,4206,2281,1923,2
VEHARI,60,19826,10217,9607,2,15292,7843,7448,1,4534,2374,2159,1
VEHARI,61,16395,8863,7531,1,12554,6759,5794,1,3841,2104,1737,
VEHARI,62,15287,8364,6920,3,11705,6334,5370,1,3582,2030,1550,2
VEHARI,63,14584,7970,6614,,11311,6155,5156,,3273,1815,1458,
VEHARI,64,13826,7151,6675,,10695,5512,5183,,3131,1639,1492,
VEHARI,65,16678,7890,8785,3,13066,6184,6880,2,3612,1706,1905,1
VEHARI,66,11635,6261,5374,,9057,4855,4202,,2578,1406,1172,
VEHARI,67,10757,5996,4761,,8372,4647,3725,,2385,1349,1036,
VEHARI,68,8696,4907,3788,1,6846,3839,3006,1,1850,1068,782,
VEHARI,69,8891,4555,4335,1,6877,3506,3371,,2014,1049,964,1
VEHARI,70,12008,6116,5892,,9626,4916,4710,,2382,1200,1182,
VEHARI,71,5743,4263,1480,,4537,3361,1176,,1206,902,304,
VEHARI,72,6773,3636,3137,,5411,2868,2543,,1362,768,594,
VEHARI,73,6066,3542,2524,,4842,2826,2016,,1224,716,508,
VEHARI,74,6237,3262,2975,,4999,2635,2364,,1238,627,611,
VEHARI,75 & ABOVE,39464,22034,17429,1,32082,17947,14135,,7382,4087,3294,1
