name_admin_unit,part_of_district,admin_unit,disab_func_lim,all_sexes_overall,male_overall,female_overall,all_sexes_rural,male_rural,female_rural,all_sexes_urban,male_urban,female_urban
AWARAN,AWARAN,DISTRICT,Population,178958,91640,87318,132122,67528,64594,46836,24112,22724
AWARAN,AWARAN,DISTRICT,Disability,5805,2444,3361,4723,2050,2673,1082,394,688
AWARAN,AWARAN,DISTRICT,Functional limitation,6964,3168,3796,5440,2513,2927,1524,655,869
AWARAN,AWARAN,DISTRICT,Seeing,1406,717,689,1076,544,532,330,173,157
AWARAN,AWARAN,DISTRICT,Hearing,1013,486,527,801,382,419,212,104,108
AWARAN,AWARAN,DISTRICT,Walking/ Climbing,2830,1301,1529,2091,970,1121,739,331,408
AWARAN,AWARAN,DISTRICT,Communication,1054,488,566,866,407,459,188,81,107
AWARAN,AWARAN,DISTRICT,Memorization/ Focus,1144,550,594,910,438,472,234,112,122
AWARAN,AWARAN,DISTRICT,Self care etc,861,361,500,699,304,395,162,57,105
BARKHAN,BARKHAN,DISTRICT,Population,210249,109632,100617,195824,102233,93591,14425,7399,7026
BARKHAN,BARKHAN,DISTRICT,Disability,4442,2823,1619,4144,2607,1537,298,216,82
BARKHAN,BARKHAN,DISTRICT,Functional limitation,20723,11572,9151,19110,10652,8458,1613,920,693
BARKHAN,BARKHAN,DISTRICT,Seeing,5586,2947,2639,5199,2745,2454,387,202,185
BARKHAN,BARKHAN,DISTRICT,Hearing,5570,2983,2587,5165,2778,2387,405,205,200
BARKHAN,BARKHAN,DISTRICT,Walking/ Climbing,7197,3952,3245,6675,3668,3007,522,284,238
BARKHAN,BARKHAN,DISTRICT,Communication,2508,1407,1101,2312,1306,1006,196,101,95
BARKHAN,BARKHAN,DISTRICT,Memorization/ Focus,3479,1895,1584,3189,1736,1453,290,159,131
BARKHAN,BARKHAN,DISTRICT,Self care etc,1852,1092,760,1678,983,695,174,109,65
CHAGAI,CHAGAI,DISTRICT,Population,268611,139647,128964,248652,129435,119217,19959,10212,9747
CHAGAI,CHAGAI,DISTRICT,Disability,4460,2157,2303,4214,2058,2156,246,99,147
CHAGAI,CHAGAI,DISTRICT,Functional limitation,18272,9473,8799,16806,8742,8064,1466,731,735
CHAGAI,CHAGAI,DISTRICT,Seeing,3929,2099,1830,3559,1905,1654,370,194,176
CHAGAI,CHAGAI,DISTRICT,Hearing,4197,2242,1955,3808,2036,1772,389,206,183
CHAGAI,CHAGAI,DISTRICT,Walking/ Climbing,5861,3068,2793,5329,2796,2533,532,272,260
CHAGAI,CHAGAI,DISTRICT,Communication,2029,1093,936,1815,985,830,214,108,106
CHAGAI,CHAGAI,DISTRICT,Memorization/ Focus,2820,1486,1334,2539,1340,1199,281,146,135
CHAGAI,CHAGAI,DISTRICT,Self care etc,1976,999,977,1832,928,904,144,71,73
CHAMAN,CHAMAN,DISTRICT,Population,466218,261207,205011,336079,189678,146401,130139,71529,58610
CHAMAN,CHAMAN,DISTRICT,Disability,9223,4966,4257,4976,2666,2310,4247,2300,1947
CHAMAN,CHAMAN,DISTRICT,Functional limitation,23879,13237,10642,15094,8369,6725,8785,4868,3917
CHAMAN,CHAMAN,DISTRICT,Seeing,4015,2238,1777,2528,1417,1111,1487,821,666
CHAMAN,CHAMAN,DISTRICT,Hearing,4389,2503,1886,2774,1592,1182,1615,911,704
CHAMAN,CHAMAN,DISTRICT,Walking/ Climbing,7671,4218,3453,5058,2777,2281,2613,1441,1172
CHAMAN,CHAMAN,DISTRICT,Communication,2198,1245,953,1263,722,541,935,523,412
CHAMAN,CHAMAN,DISTRICT,Memorization/ Focus,3277,1837,1440,2039,1144,895,1238,693,545
CHAMAN,CHAMAN,DISTRICT,Self care etc,2995,1653,1342,1855,1019,836,1140,634,506
DERA BUGTI,DERA BUGTI,DISTRICT,Population,355274,194592,160682,246827,137662,109165,108447,56930,51517
DERA BUGTI,DERA BUGTI,DISTRICT,Disability,1793,875,918,1306,553,753,487,322,165
DERA BUGTI,DERA BUGTI,DISTRICT,Functional limitation,5015,3268,1747,3367,2156,1211,1648,1112,536
DERA BUGTI,DERA BUGTI,DISTRICT,Seeing,1346,861,485,914,580,334,432,281,151
DERA BUGTI,DERA BUGTI,DISTRICT,Hearing,1200,812,388,749,508,241,451,304,147
DERA BUGTI,DERA BUGTI,DISTRICT,Walking/ Climbing,2052,1291,761,1325,814,511,727,477,250
DERA BUGTI,DERA BUGTI,DISTRICT,Communication,725,459,266,424,242,182,301,217,84
DERA BUGTI,DERA BUGTI,DISTRICT,Memorization/ Focus,898,594,304,550,364,186,348,230,118
DERA BUGTI,DERA BUGTI,DISTRICT,Self care etc,379,234,145,268,158,110,111,76,35
DUKI,DUKI,DISTRICT,Population,205044,107269,97775,195261,101985,93276,9783,5284,4499
DUKI,DUKI,DISTRICT,Disability,1284,900,384,1274,894,380,10,6,4
DUKI,DUKI,DISTRICT,Functional limitation,10095,5462,4633,9528,5156,4372,567,306,261
DUKI,DUKI,DISTRICT,Seeing,2312,1263,1049,2202,1203,999,110,60,50
DUKI,DUKI,DISTRICT,Hearing,2332,1265,1067,2202,1196,1006,130,69,61
DUKI,DUKI,DISTRICT,Walking/ Climbing,3084,1693,1391,2922,1600,1322,162,93,69
DUKI,DUKI,DISTRICT,Communication,887,513,374,843,487,356,44,26,18
DUKI,DUKI,DISTRICT,Memorization/ Focus,1396,767,629,1316,724,592,80,43,37
DUKI,DUKI,DISTRICT,Self care etc,977,529,448,917,499,418,60,30,30
GWADAR,GWADAR,DISTRICT,Population,302831,159657,143174,146125,76486,69639,156706,83171,73535
GWADAR,GWADAR,DISTRICT,Disability,9301,3820,5481,5184,2216,2968,4117,1604,2513
GWADAR,GWADAR,DISTRICT,Functional limitation,27065,13654,13411,13097,6513,6584,13968,7141,6827
GWADAR,GWADAR,DISTRICT,Seeing,5129,2677,2452,2645,1357,1288,2484,1320,1164
GWADAR,GWADAR,DISTRICT,Hearing,5540,2954,2586,2689,1397,1292,2851,1557,1294
GWADAR,GWADAR,DISTRICT,Walking/ Climbing,8714,4296,4418,4331,2099,2232,4383,2197,2186
GWADAR,GWADAR,DISTRICT,Communication,2668,1347,1321,1348,685,663,1320,662,658
GWADAR,GWADAR,DISTRICT,Memorization/ Focus,3876,2002,1874,1928,977,951,1948,1025,923
GWADAR,GWADAR,DISTRICT,Self care etc,3190,1551,1639,1564,757,807,1626,794,832
HARNAI,HARNAI,DISTRICT,Population,127571,67366,60205,94138,48657,45481,33433,18709,14724
HARNAI,HARNAI,DISTRICT,Disability,3165,1758,1407,2629,1429,1200,536,329,207
HARNAI,HARNAI,DISTRICT,Functional limitation,10248,5834,4414,7805,4384,3421,2443,1450,993
HARNAI,HARNAI,DISTRICT,Seeing,1978,1129,849,1486,835,651,492,294,198
HARNAI,HARNAI,DISTRICT,Hearing,2115,1214,901,1576,888,688,539,326,213
HARNAI,HARNAI,DISTRICT,Walking/ Climbing,3374,1900,1474,2516,1400,1116,858,500,358
HARNAI,HARNAI,DISTRICT,Communication,1047,597,450,783,430,353,264,167,97
HARNAI,HARNAI,DISTRICT,Memorization/ Focus,1508,863,645,1143,645,498,365,218,147
HARNAI,HARNAI,DISTRICT,Self care etc,1132,639,493,881,488,393,251,151,100
JAFFARABAD,JAFFARABAD,DISTRICT,Population,594558,301381,293177,431165,218422,212743,163393,82959,80434
JAFFARABAD,JAFFARABAD,DISTRICT,Disability,10884,5632,5252,9091,4694,4397,1793,938,855
JAFFARABAD,JAFFARABAD,DISTRICT,Functional limitation,26715,13148,13567,20487,10153,10334,6228,2995,3233
JAFFARABAD,JAFFARABAD,DISTRICT,Seeing,4967,2439,2528,3732,1832,1900,1235,607,628
JAFFARABAD,JAFFARABAD,DISTRICT,Hearing,5024,2459,2565,3778,1862,1916,1246,597,649
JAFFARABAD,JAFFARABAD,DISTRICT,Walking/ Climbing,9542,4819,4723,7087,3594,3493,2455,1225,1230
JAFFARABAD,JAFFARABAD,DISTRICT,Communication,3009,1556,1453,2335,1209,1126,674,347,327
JAFFARABAD,JAFFARABAD,DISTRICT,Memorization/ Focus,3902,1961,1941,2977,1507,1470,925,454,471
JAFFARABAD,JAFFARABAD,DISTRICT,Self care etc,2856,1374,1482,2277,1108,1169,579,266,313
JHAL MAGSI,JHAL MAGSI,DISTRICT,Population,203368,103435,99933,179238,91923,87315,24130,11512,12618
JHAL MAGSI,JHAL MAGSI,DISTRICT,Disability,4834,2324,2510,4225,1999,2226,609,325,284
JHAL MAGSI,JHAL MAGSI,DISTRICT,Functional limitation,10126,5046,5080,8679,4297,4382,1447,749,698
JHAL MAGSI,JHAL MAGSI,DISTRICT,Seeing,1888,985,903,1648,853,795,240,132,108
JHAL MAGSI,JHAL MAGSI,DISTRICT,Hearing,1815,936,879,1545,786,759,270,150,120
JHAL MAGSI,JHAL MAGSI,DISTRICT,Walking/ Climbing,3717,1858,1859,3231,1612,1619,486,246,240
JHAL MAGSI,JHAL MAGSI,DISTRICT,Communication,1200,634,566,1008,508,500,192,126,66
JHAL MAGSI,JHAL MAGSI,DISTRICT,Memorization/ Focus,1479,738,741,1256,629,627,223,109,114
JHAL MAGSI,JHAL MAGSI,DISTRICT,Self care etc,1144,542,602,981,468,513,163,74,89
KACHHI,KACHHI,DISTRICT,Population,442674,233618,209056,362222,192363,169859,80452,41255,39197
KACHHI,KACHHI,DISTRICT,Disability,9639,5181,4458,8416,4501,3915,1223,680,543
KACHHI,KACHHI,DISTRICT,Functional limitation,21315,11547,9768,17914,9670,8244,3401,1877,1524
KACHHI,KACHHI,DISTRICT,Seeing,3922,2150,1772,3264,1777,1487,658,373,285
KACHHI,KACHHI,DISTRICT,Hearing,3920,2153,1767,3312,1808,1504,608,345,263
KACHHI,KACHHI,DISTRICT,Walking/ Climbing,7403,4041,3362,6111,3331,2780,1292,710,582
KACHHI,KACHHI,DISTRICT,Communication,2177,1192,985,1826,1005,821,351,187,164
KACHHI,KACHHI,DISTRICT,Memorization/ Focus,3002,1655,1347,2524,1376,1148,478,279,199
KACHHI,KACHHI,DISTRICT,Self care etc,2588,1394,1194,2223,1187,1036,365,207,158
KALAT,KALAT,DISTRICT,Population,271560,138618,132942,227120,115652,111468,44440,22966,21474
KALAT,KALAT,DISTRICT,Disability,5796,2864,2932,5127,2558,2569,669,306,363
KALAT,KALAT,DISTRICT,Functional limitation,17735,8875,8860,14592,7346,7246,3143,1529,1614
KALAT,KALAT,DISTRICT,Seeing,3379,1723,1656,2829,1451,1378,550,272,278
KALAT,KALAT,DISTRICT,Hearing,3503,1767,1736,2856,1446,1410,647,321,326
KALAT,KALAT,DISTRICT,Walking/ Climbing,5876,2992,2884,4866,2484,2382,1010,508,502
KALAT,KALAT,DISTRICT,Communication,1688,876,812,1395,737,658,293,139,154
KALAT,KALAT,DISTRICT,Memorization/ Focus,2456,1245,1211,2012,1031,981,444,214,230
KALAT,KALAT,DISTRICT,Self care etc,1967,942,1025,1620,780,840,347,162,185
KECH,KECH,DISTRICT,Population,1060814,555286,505528,674168,349797,324371,386646,205489,181157
KECH,KECH,DISTRICT,Disability,21401,10808,10593,14145,7027,7118,7256,3781,3475
KECH,KECH,DISTRICT,Functional limitation,73350,36921,36429,47804,23506,24298,25546,13415,12131
KECH,KECH,DISTRICT,Seeing,14750,7674,7076,10029,5141,4888,4721,2533,2188
KECH,KECH,DISTRICT,Hearing,15561,7948,7613,10375,5204,5171,5186,2744,2442
KECH,KECH,DISTRICT,Walking/ Climbing,22922,11650,11272,14768,7363,7405,8154,4287,3867
KECH,KECH,DISTRICT,Communication,7079,3674,3405,4694,2391,2303,2385,1283,1102
KECH,KECH,DISTRICT,Memorization/ Focus,10281,5232,5049,6752,3376,3376,3529,1856,1673
KECH,KECH,DISTRICT,Self care etc,8400,4127,4273,5390,2548,2842,3010,1579,1431
KHARAN,KHARAN,DISTRICT,Population,260352,139706,120646,179546,95348,84198,80806,44358,36448
KHARAN,KHARAN,DISTRICT,Disability,2884,1998,886,2374,1586,788,510,412,98
KHARAN,KHARAN,DISTRICT,Functional limitation,12700,7010,5690,8600,4691,3909,4100,2319,1781
KHARAN,KHARAN,DISTRICT,Seeing,2652,1425,1227,1789,951,838,863,474,389
KHARAN,KHARAN,DISTRICT,Hearing,2846,1518,1328,1871,989,882,975,529,446
KHARAN,KHARAN,DISTRICT,Walking/ Climbing,3969,2220,1749,2724,1499,1225,1245,721,524
KHARAN,KHARAN,DISTRICT,Communication,1270,750,520,881,525,356,389,225,164
KHARAN,KHARAN,DISTRICT,Memorization/ Focus,1827,1020,807,1236,687,549,591,333,258
KHARAN,KHARAN,DISTRICT,Self care etc,1337,753,584,892,496,396,445,257,188
KHUZDAR,KHUZDAR,DISTRICT,Population,997214,537347,459867,632836,341209,291627,364378,196138,168240
KHUZDAR,KHUZDAR,DISTRICT,Disability,32006,18777,13229,21329,12401,8928,10677,6376,4301
KHUZDAR,KHUZDAR,DISTRICT,Functional limitation,50391,26380,24011,31827,16627,15200,18564,9753,8811
KHUZDAR,KHUZDAR,DISTRICT,Seeing,8925,4592,4333,5802,2982,2820,3123,1610,1513
KHUZDAR,KHUZDAR,DISTRICT,Hearing,8177,4114,4063,5161,2565,2596,3016,1549,1467
KHUZDAR,KHUZDAR,DISTRICT,Walking/ Climbing,18879,10115,8764,11922,6369,5553,6957,3746,3211
KHUZDAR,KHUZDAR,DISTRICT,Communication,5866,3330,2536,3873,2184,1689,1993,1146,847
KHUZDAR,KHUZDAR,DISTRICT,Memorization/ Focus,7286,3873,3413,4658,2453,2205,2628,1420,1208
KHUZDAR,KHUZDAR,DISTRICT,Self care etc,6410,3440,2970,3925,2120,1805,2485,1320,1165
KILLA ABDULLAH,KILLA ABDULLAH,DISTRICT,Population,361971,189188,172783,326587,169461,157126,35384,19727,15657
KILLA ABDULLAH,KILLA ABDULLAH,DISTRICT,Disability,5996,3451,2545,5610,3238,2372,386,213,173
KILLA ABDULLAH,KILLA ABDULLAH,DISTRICT,Functional limitation,17921,9754,8167,16293,8889,7404,1628,865,763
KILLA ABDULLAH,KILLA ABDULLAH,DISTRICT,Seeing,3262,1808,1454,2958,1643,1315,304,165,139
KILLA ABDULLAH,KILLA ABDULLAH,DISTRICT,Hearing,3612,1970,1642,3280,1794,1486,332,176,156
KILLA ABDULLAH,KILLA ABDULLAH,DISTRICT,Walking/ Climbing,5757,3170,2587,5228,2888,2340,529,282,247
KILLA ABDULLAH,KILLA ABDULLAH,DISTRICT,Communication,1771,1042,729,1616,960,656,155,82,73
KILLA ABDULLAH,KILLA ABDULLAH,DISTRICT,Memorization/ Focus,2581,1433,1148,2336,1305,1031,245,128,117
KILLA ABDULLAH,KILLA ABDULLAH,DISTRICT,Self care etc,2149,1164,985,1962,1065,897,187,99,88
KILLA SAIFULLAH,KILLA SAIFULLAH,DISTRICT,Population,380200,199075,181125,316025,166448,149577,64175,32627,31548
KILLA SAIFULLAH,KILLA SAIFULLAH,DISTRICT,Disability,7956,4179,3777,7074,3748,3326,882,431,451
KILLA SAIFULLAH,KILLA SAIFULLAH,DISTRICT,Functional limitation,20098,10166,9932,17051,8682,8369,3047,1484,1563
KILLA SAIFULLAH,KILLA SAIFULLAH,DISTRICT,Seeing,3881,2012,1869,3290,1718,1572,591,294,297
KILLA SAIFULLAH,KILLA SAIFULLAH,DISTRICT,Hearing,3866,1953,1913,3229,1647,1582,637,306,331
KILLA SAIFULLAH,KILLA SAIFULLAH,DISTRICT,Walking/ Climbing,6669,3455,3214,5601,2905,2696,1068,550,518
KILLA SAIFULLAH,KILLA SAIFULLAH,DISTRICT,Communication,2079,1120,959,1780,961,819,299,159,140
KILLA SAIFULLAH,KILLA SAIFULLAH,DISTRICT,Memorization/ Focus,2892,1492,1400,2439,1266,1173,453,226,227
KILLA SAIFULLAH,KILLA SAIFULLAH,DISTRICT,Self care etc,2262,1110,1152,1948,969,979,314,141,173
KOHLU,KOHLU,DISTRICT,Population,260220,136259,123961,241242,127202,114040,18978,9057,9921
KOHLU,KOHLU,DISTRICT,Disability,9676,5482,4194,9021,5151,3870,655,331,324
KOHLU,KOHLU,DISTRICT,Functional limitation,28307,15430,12877,26135,14371,11764,2172,1059,1113
KOHLU,KOHLU,DISTRICT,Seeing,5060,2718,2342,4712,2552,2160,348,166,182
KOHLU,KOHLU,DISTRICT,Hearing,5427,2975,2452,5012,2776,2236,415,199,216
KOHLU,KOHLU,DISTRICT,Walking/ Climbing,8878,4820,4058,8178,4484,3694,700,336,364
KOHLU,KOHLU,DISTRICT,Communication,2358,1348,1010,2186,1265,921,172,83,89
KOHLU,KOHLU,DISTRICT,Memorization/ Focus,3791,2086,1705,3493,1931,1562,298,155,143
KOHLU,KOHLU,DISTRICT,Self care etc,3423,1899,1524,3156,1763,1393,267,136,131
LASBELA,LASBELA,DISTRICT,Population,680816,348788,332028,350231,178728,171503,330585,170060,160525
LASBELA,LASBELA,DISTRICT,Disability,8583,4793,3790,5133,2820,2313,3450,1973,1477
LASBELA,LASBELA,DISTRICT,Functional limitation,53638,28132,25506,27968,14595,13373,25670,13537,12133
LASBELA,LASBELA,DISTRICT,Seeing,10706,5634,5072,5731,2995,2736,4975,2639,2336
LASBELA,LASBELA,DISTRICT,Hearing,12178,6389,5789,6282,3253,3029,5896,3136,2760
LASBELA,LASBELA,DISTRICT,Walking/ Climbing,16258,8579,7679,8532,4467,4065,7726,4112,3614
LASBELA,LASBELA,DISTRICT,Communication,5206,2852,2354,2562,1413,1149,2644,1439,1205
LASBELA,LASBELA,DISTRICT,Memorization/ Focus,7932,4235,3697,4132,2194,1938,3800,2041,1759
LASBELA,LASBELA,DISTRICT,Self care etc,5570,2872,2698,2969,1534,1435,2601,1338,1263
LORALAI,LORALAI,DISTRICT,Population,269364,141318,128046,211978,111359,100619,57386,29959,27427
LORALAI,LORALAI,DISTRICT,Disability,5201,2989,2212,4494,2567,1927,707,422,285
LORALAI,LORALAI,DISTRICT,Functional limitation,19033,10765,8268,15121,8538,6583,3912,2227,1685
LORALAI,LORALAI,DISTRICT,Seeing,3796,2142,1654,2995,1688,1307,801,454,347
LORALAI,LORALAI,DISTRICT,Hearing,3986,2262,1724,3175,1794,1381,811,468,343
LORALAI,LORALAI,DISTRICT,Walking/ Climbing,6374,3585,2789,5017,2823,2194,1357,762,595
LORALAI,LORALAI,DISTRICT,Communication,1870,1090,780,1537,894,643,333,196,137
LORALAI,LORALAI,DISTRICT,Memorization/ Focus,2886,1634,1252,2300,1304,996,586,330,256
LORALAI,LORALAI,DISTRICT,Self care etc,2018,1132,886,1631,910,721,387,222,165
MASTUNG,MASTUNG,DISTRICT,Population,312378,166254,146124,272115,144949,127166,40263,21305,18958
MASTUNG,MASTUNG,DISTRICT,Disability,4912,2263,2649,4550,2133,2417,362,130,232
MASTUNG,MASTUNG,DISTRICT,Functional limitation,19810,9115,10695,16972,7857,9115,2838,1258,1580
MASTUNG,MASTUNG,DISTRICT,Seeing,3921,1869,2052,3360,1605,1755,561,264,297
MASTUNG,MASTUNG,DISTRICT,Hearing,4175,1914,2261,3539,1625,1914,636,289,347
MASTUNG,MASTUNG,DISTRICT,Walking/ Climbing,6567,3082,3485,5671,2674,2997,896,408,488
MASTUNG,MASTUNG,DISTRICT,Communication,1812,875,937,1587,768,819,225,107,118
MASTUNG,MASTUNG,DISTRICT,Memorization/ Focus,2834,1311,1523,2455,1136,1319,379,175,204
MASTUNG,MASTUNG,DISTRICT,Self care etc,2121,927,1194,1817,802,1015,304,125,179
MUSAKHEL,MUSAKHEL,DISTRICT,Population,182275,96709,85566,166470,88208,78262,15805,8501,7304
MUSAKHEL,MUSAKHEL,DISTRICT,Disability,4432,2292,2140,4320,2242,2078,112,50,62
MUSAKHEL,MUSAKHEL,DISTRICT,Functional limitation,13224,7021,6203,12524,6667,5857,700,354,346
MUSAKHEL,MUSAKHEL,DISTRICT,Seeing,2392,1281,1111,2249,1206,1043,143,75,68
MUSAKHEL,MUSAKHEL,DISTRICT,Hearing,2594,1386,1208,2462,1320,1142,132,66,66
MUSAKHEL,MUSAKHEL,DISTRICT,Walking/ Climbing,4367,2307,2060,4079,2157,1922,288,150,138
MUSAKHEL,MUSAKHEL,DISTRICT,Communication,1238,661,577,1191,638,553,47,23,24
MUSAKHEL,MUSAKHEL,DISTRICT,Memorization/ Focus,1832,980,852,1745,935,810,87,45,42
MUSAKHEL,MUSAKHEL,DISTRICT,Self care etc,1534,799,735,1472,771,701,62,28,34
NASIRABAD,NASIRABAD,DISTRICT,Population,563315,287920,275395,456363,234486,221877,106952,53434,53518
NASIRABAD,NASIRABAD,DISTRICT,Disability,5420,3088,2332,4894,2767,2127,526,321,205
NASIRABAD,NASIRABAD,DISTRICT,Functional limitation,19131,10327,8804,15987,8633,7354,3144,1694,1450
NASIRABAD,NASIRABAD,DISTRICT,Seeing,3634,1945,1689,2970,1591,1379,664,354,310
NASIRABAD,NASIRABAD,DISTRICT,Hearing,4124,2217,1907,3376,1814,1562,748,403,345
NASIRABAD,NASIRABAD,DISTRICT,Walking/ Climbing,6117,3335,2782,5040,2744,2296,1077,591,486
NASIRABAD,NASIRABAD,DISTRICT,Communication,2227,1258,969,1846,1035,811,381,223,158
NASIRABAD,NASIRABAD,DISTRICT,Memorization/ Focus,2931,1588,1343,2437,1316,1121,494,272,222
NASIRABAD,NASIRABAD,DISTRICT,Self care etc,2063,1103,960,1774,951,823,289,152,137
NUSHKI,NUSHKI,DISTRICT,Population,207200,107972,99228,159096,82725,76371,48104,25247,22857
NUSHKI,NUSHKI,DISTRICT,Disability,2024,1165,859,1753,996,757,271,169,102
NUSHKI,NUSHKI,DISTRICT,Functional limitation,8944,4809,4135,7007,3787,3220,1937,1022,915
NUSHKI,NUSHKI,DISTRICT,Seeing,1688,914,774,1334,724,610,354,190,164
NUSHKI,NUSHKI,DISTRICT,Hearing,1979,1063,916,1536,830,706,443,233,210
NUSHKI,NUSHKI,DISTRICT,Walking/ Climbing,2773,1532,1241,2160,1202,958,613,330,283
NUSHKI,NUSHKI,DISTRICT,Communication,1017,587,430,830,475,355,187,112,75
NUSHKI,NUSHKI,DISTRICT,Memorization/ Focus,1354,739,615,1071,582,489,283,157,126
NUSHKI,NUSHKI,DISTRICT,Self care etc,917,476,441,734,384,350,183,92,91
PANJGUR,PANJGUR,DISTRICT,Population,509781,269467,240314,352088,184594,167494,157693,84873,72820
PANJGUR,PANJGUR,DISTRICT,Disability,14849,6926,7923,10211,4781,5430,4638,2145,2493
PANJGUR,PANJGUR,DISTRICT,Functional limitation,43850,21081,22769,29252,13986,15266,14598,7095,7503
PANJGUR,PANJGUR,DISTRICT,Seeing,7665,3748,3917,5240,2566,2674,2425,1182,1243
PANJGUR,PANJGUR,DISTRICT,Hearing,8680,4207,4473,5810,2790,3020,2870,1417,1453
PANJGUR,PANJGUR,DISTRICT,Walking/ Climbing,13393,6409,6984,9009,4285,4724,4384,2124,2260
PANJGUR,PANJGUR,DISTRICT,Communication,4101,1978,2123,2782,1346,1436,1319,632,687
PANJGUR,PANJGUR,DISTRICT,Memorization/ Focus,5952,2884,3068,4007,1935,2072,1945,949,996
PANJGUR,PANJGUR,DISTRICT,Self care etc,5494,2622,2872,3628,1723,1905,1866,899,967
PISHIN,PISHIN,DISTRICT,Population,835482,426620,408862,591697,302369,289328,243785,124251,119534
PISHIN,PISHIN,DISTRICT,Disability,15492,8543,6949,12018,6499,5519,3474,2044,1430
PISHIN,PISHIN,DISTRICT,Functional limitation,51413,27970,23443,36366,19613,16753,15047,8357,6690
PISHIN,PISHIN,DISTRICT,Seeing,10178,5613,4565,7466,4106,3360,2712,1507,1205
PISHIN,PISHIN,DISTRICT,Hearing,10301,5672,4629,7171,3938,3233,3130,1734,1396
PISHIN,PISHIN,DISTRICT,Walking/ Climbing,16750,9080,7670,11819,6346,5473,4931,2734,2197
PISHIN,PISHIN,DISTRICT,Communication,4738,2700,2038,3366,1870,1496,1372,830,542
PISHIN,PISHIN,DISTRICT,Memorization/ Focus,7231,4018,3213,5168,2862,2306,2063,1156,907
PISHIN,PISHIN,DISTRICT,Self care etc,5658,3035,2623,4076,2159,1917,1582,876,706
QUETTA,QUETTA,DISTRICT,Population,2271290,1164359,1106931,979434,502199,477235,1291856,662160,629696
QUETTA,QUETTA,DISTRICT,Disability,56744,31456,25288,30121,16899,13222,26623,14557,12066
QUETTA,QUETTA,DISTRICT,Functional limitation,195130,102970,92160,86380,46080,40300,108750,56890,51860
QUETTA,QUETTA,DISTRICT,Seeing,34862,18520,16342,14980,8030,6950,19882,10490,9392
QUETTA,QUETTA,DISTRICT,Hearing,40205,21175,19030,17734,9553,8181,22471,11622,10849
QUETTA,QUETTA,DISTRICT,Walking/ Climbing,60210,32103,28107,25102,13645,11457,35108,18458,16650
QUETTA,QUETTA,DISTRICT,Communication,19338,10569,8769,9450,5084,4366,9888,5485,4403
QUETTA,QUETTA,DISTRICT,Memorization/ Focus,28455,15281,13174,12813,6890,5923,15642,8391,7251
QUETTA,QUETTA,DISTRICT,Self care etc,23171,12151,11020,10421,5508,4913,12750,6643,6107
SHERANI,SHERANI,DISTRICT,Population,191673,105344,86329,191673,105344,86329,,,
SHERANI,SHERANI,DISTRICT,Disability,2026,1532,494,2026,1532,494,,,
SHERANI,SHERANI,DISTRICT,Functional limitation,6774,4966,1808,6774,4966,1808,,,
SHERANI,SHERANI,DISTRICT,Seeing,1503,1062,441,1503,1062,441,,,
SHERANI,SHERANI,DISTRICT,Hearing,1340,974,366,1340,974,366,,,
SHERANI,SHERANI,DISTRICT,Walking/ Climbing,2268,1611,657,2268,1611,657,,,
SHERANI,SHERANI,DISTRICT,Communication,685,493,192,685,493,192,,,
SHERANI,SHERANI,DISTRICT,Memorization/ Focus,935,687,248,935,687,248,,,
SHERANI,SHERANI,DISTRICT,Self care etc,647,512,135,647,512,135,,,
SIBI,SIBI,DISTRICT,Population,224148,115038,109110,154848,79944,74904,69300,35094,34206
SIBI,SIBI,DISTRICT,Disability,6558,4188,2370,4632,2916,1716,1926,1272,654
SIBI,SIBI,DISTRICT,Functional limitation,18020,9652,8368,11374,6124,5250,6646,3528,3118
SIBI,SIBI,DISTRICT,Seeing,3314,1709,1605,2153,1111,1042,1161,598,563
SIBI,SIBI,DISTRICT,Hearing,3560,1829,1731,2188,1131,1057,1372,698,674
SIBI,SIBI,DISTRICT,Walking/ Climbing,5993,3277,2716,3827,2098,1729,2166,1179,987
SIBI,SIBI,DISTRICT,Communication,1841,1042,799,1203,679,524,638,363,275
SIBI,SIBI,DISTRICT,Memorization/ Focus,2602,1407,1195,1626,876,750,976,531,445
SIBI,SIBI,DISTRICT,Self care etc,2117,1162,955,1333,735,598,784,427,357
SOHBATPUR,SOHBATPUR,DISTRICT,Population,240106,121865,118241,225378,114381,110997,14728,7484,7244
SOHBATPUR,SOHBATPUR,DISTRICT,Disability,4888,3026,1862,4705,2919,1786,183,107,76
SOHBATPUR,SOHBATPUR,DISTRICT,Functional limitation,9630,5763,3867,9197,5513,3684,433,250,183
SOHBATPUR,SOHBATPUR,DISTRICT,Seeing,1828,1034,794,1742,987,755,86,47,39
SOHBATPUR,SOHBATPUR,DISTRICT,Hearing,1889,1103,786,1816,1061,755,73,42,31
SOHBATPUR,SOHBATPUR,DISTRICT,Walking/ Climbing,3515,2096,1419,3356,2001,1355,159,95,64
SOHBATPUR,SOHBATPUR,DISTRICT,Communication,1405,812,593,1346,779,567,59,33,26
SOHBATPUR,SOHBATPUR,DISTRICT,Memorization/ Focus,1520,895,625,1461,861,600,59,34,25
SOHBATPUR,SOHBATPUR,DISTRICT,Self care etc,1059,657,402,1022,633,389,37,24,13
SURAB,SURAB,DISTRICT,Population,279038,141666,137372,242570,124535,118035,36468,17131,19337
SURAB,SURAB,DISTRICT,Disability,5073,2705,2368,4531,2428,2103,542,277,265
SURAB,SURAB,DISTRICT,Functional limitation,14705,7526,7179,12608,6498,6110,2097,1028,1069
SURAB,SURAB,DISTRICT,Seeing,2812,1458,1354,2451,1274,1177,361,184,177
SURAB,SURAB,DISTRICT,Hearing,2815,1444,1371,2394,1234,1160,421,210,211
SURAB,SURAB,DISTRICT,Walking/ Climbing,4955,2571,2384,4271,2233,2038,684,338,346
SURAB,SURAB,DISTRICT,Communication,1320,701,619,1143,611,532,177,90,87
SURAB,SURAB,DISTRICT,Memorization/ Focus,2032,1047,985,1742,900,842,290,147,143
SURAB,SURAB,DISTRICT,Self care etc,1719,870,849,1463,751,712,256,119,137
WASHUK,WASHUK,DISTRICT,Population,302367,162815,139552,261516,141910,119606,40851,20905,19946
WASHUK,WASHUK,DISTRICT,Disability,5977,3030,2947,3311,1705,1606,2666,1325,1341
WASHUK,WASHUK,DISTRICT,Functional limitation,23194,11857,11337,17978,9277,8701,5216,2580,2636
WASHUK,WASHUK,DISTRICT,Seeing,4695,2469,2226,3741,1986,1755,954,483,471
WASHUK,WASHUK,DISTRICT,Hearing,4855,2468,2387,3850,1964,1886,1005,504,501
WASHUK,WASHUK,DISTRICT,Walking/ Climbing,7206,3741,3465,5759,3017,2742,1447,724,723
WASHUK,WASHUK,DISTRICT,Communication,2075,1115,960,1520,848,672,555,267,288
WASHUK,WASHUK,DISTRICT,Memorization/ Focus,3217,1672,1545,2499,1317,1182,718,355,363
WASHUK,WASHUK,DISTRICT,Self care etc,2645,1327,1318,1954,975,979,691,352,339
ZHOB,ZHOB,DISTRICT,Population,355556,192142,163414,308655,166738,141917,46901,25404,21497
ZHOB,ZHOB,DISTRICT,Disability,7812,4086,3726,7004,3646,3358,808,440,368
ZHOB,ZHOB,DISTRICT,Functional limitation,21151,11401,9750,18525,9940,8585,2626,1461,1165
ZHOB,ZHOB,DISTRICT,Seeing,4137,2241,1896,3650,1983,1667,487,258,229
ZHOB,ZHOB,DISTRICT,Hearing,4227,2321,1906,3714,2029,1685,513,292,221
ZHOB,ZHOB,DISTRICT,Walking/ Climbing,6867,3672,3195,5897,3155,2742,970,517,453
ZHOB,ZHOB,DISTRICT,Communication,2161,1209,952,1854,1026,828,307,183,124
ZHOB,ZHOB,DISTRICT,Memorization/ Focus,3082,1699,1383,2654,1445,1209,428,254,174
ZHOB,ZHOB,DISTRICT,Self care etc,2358,1252,1106,2114,1117,997,244,135,109
ZIARAT,ZIARAT,DISTRICT,Population,189535,96180,93355,140133,70766,69367,49402,25414,23988
ZIARAT,ZIARAT,DISTRICT,Disability,4823,2151,2672,4122,1864,2258,701,287,414
ZIARAT,ZIARAT,DISTRICT,Functional limitation,12712,6442,6270,10010,5055,4955,2702,1387,1315
ZIARAT,ZIARAT,DISTRICT,Seeing,2312,1218,1094,1831,961,870,481,257,224
ZIARAT,ZIARAT,DISTRICT,Hearing,2459,1295,1164,1935,1016,919,524,279,245
ZIARAT,ZIARAT,DISTRICT,Walking/ Climbing,4165,2106,2059,3210,1614,1596,955,492,463
ZIARAT,ZIARAT,DISTRICT,Communication,1335,700,635,1077,557,520,258,143,115
ZIARAT,ZIARAT,DISTRICT,Memorization/ Focus,1858,964,894,1479,765,714,379,199,180
ZIARAT,ZIARAT,DISTRICT,Self care etc,1472,710,762,1186,575,611,286,135,151
